15.384060859680
6.899928569794
44.749015808105
23.917499542236
28.721054077148
44.317356109619
18.336801528931
9.179481506348
55.819972991943
25.397249221802
17.191099166870
21.548202514648
7.324816703796
16.458547592163
11.543087005615
49.701969146729
162.616836547852
5.700075626373
14.838265419006
18.781974792480
16.730728149414
22.933557510376
17.848257064819
41.916515350342
9.415858268738
14.589964866638
14.513933181763
23.489030838013
11.828906059265
17.243947982788
14.342483520508
10.400800704956
15.282491683960
16.679239273071
8.091105461121
7.177921295166
19.544521331787
71.333930969238
67.135665893555
12.085432052612
92.720352172852
16.847600936890
55.108226776123
20.747791290283
42.477634429932
13.473526954651
26.577253341675
25.786851882935
33.793403625488
55.760990142822
57.504997253418
25.407732009888
19.368268966675
17.370759963989
7.114766120911
24.621593475342
13.053435325623
8.102135658264
51.351356506348
9.512492179871
19.648031234741
40.715152740479
10.885353088379
69.173202514648
10.983284950256
12.968515396118
109.855010986328
9.166072845459
30.851593017578
17.280550003052
5.922871589661
19.928598403931
10.572370529175
39.807712554932
16.082452774048
12.450326919556
40.597705841064
14.364177703857
19.610166549683
18.507017135620
24.560825347900
11.954342842102
42.434562683105
11.279545783997
44.963340759277
7.697115898132
53.036624908447
8.907724380493
25.256681442261
26.422420501709
17.884225845337
6.636095046997
19.258052825928
17.577171325684
10.613712310791
8.209120750427
8.339417457581
10.844996452332
30.347574234009
25.851205825806
9.054720878601
7.398457527161
69.113777160645
12.553701400757
57.098735809326
22.596443176270
257.976135253906
7.169886112213
26.686420440674
40.581783294678
13.840199470520
10.606261253357
24.204528808594
16.052755355835
8.794864654541
24.575422286987
11.525565147400
13.731601715088
32.884513854980
30.720592498779
19.140811920166
9.050341606140
23.958667755127
12.548596382141
33.298484802246
26.810958862305
12.302696228027
6.794478893280
