0.121342159808
-0.000470142666
0.251452654600
-0.301179170609
-0.157449871302
-0.151775896549
0.144861534238
-0.025058927014
-0.157722875476
-0.109778977931
0.089486069977
0.215016171336
-0.028193511069
-0.237358152866
0.008257081732
-0.325559139252
1.167791485786
0.058080300689
-0.068562582135
0.327241063118
-0.103091880679
0.182388290763
-0.031315051019
1.134083032608
-0.032523702830
-0.020698672161
-0.005144801922
-0.020117692649
-0.013047830202
-0.125627189875
-0.092149540782
-0.067227780819
-0.036142747849
-0.086425855756
0.002707222942
0.046777840704
-0.036438472569
-1.034102797508
-0.275836169720
-0.103806547821
-0.579551160336
0.035250887275
0.604559123516
0.024803686887
-0.537325322628
-0.123760364950
-0.045375663787
0.085402756929
0.150664910674
1.616053700447
0.206395611167
-0.094166368246
-0.026650650427
-0.101003423333
-0.014714695513
0.008921794593
-0.157016053796
-0.084897398949
-1.033110618591
0.005897144321
-0.328308969736
-1.194841623306
-0.008650702424
1.342618227005
0.029010038823
0.035376265645
1.254220962524
0.075267717242
0.021626586094
0.052991468459
0.021846333519
-0.068580232561
-0.147967576981
0.394854724407
0.117919042706
0.015385034494
-0.592348217964
0.179252475500
0.049233477563
0.019556459039
-0.726716339588
-0.971834123135
0.433277040720
-0.077777579427
0.735642492771
-0.031629666686
0.946886241436
0.087477050722
-0.208477690816
-0.455328762531
-0.076353639364
-0.016373028979
0.384759783745
-0.268996477127
0.087165310979
-0.478235870600
-0.020789731294
0.262492060661
-0.901282608509
0.023474205285
-0.044279199094
0.064293920994
-1.475691914558
0.363215595484
-0.946177899837
-0.523249208927
1.180195808411
-0.105017460883
-0.168243050575
-0.087723061442
0.026666490361
-0.039758395404
-0.049515306950
-0.245668992400
-0.111777946353
0.319553911686
0.044356662780
-0.017432641238
-0.109867662191
-0.142163619399
0.014479300007
0.008830107749
-0.359595179558
-0.163785398006
0.184592634439
-0.681596517563
0.075162358582
-0.106530241668
