14.487078666687
37.968990325928
59.286151885986
64.375946044922
37.523990631104
51.980525970459
64.490638732910
39.162189483643
81.239860534668
30.369653701782
21.327033996582
39.257343292236
46.706115722656
0.281439423561
18.991323471069
75.852470397949
65.615531921387
42.081008911133
56.985862731934
63.306106567383
35.185581207275
54.369194030762
114.141204833984
24.861921310425
10.385478973389
64.274002075195
46.581130981445
-18.552108764648
42.590187072754
49.613044738770
126.481170654297
34.459766387939
63.359481811523
64.181457519531
6.804394721985
70.646705627441
35.024185180664
77.353828430176
65.088928222656
25.316352844238
33.936439514160
27.481773376465
56.763183593750
-35.958072662354
55.699573516846
-30.653903961182
50.230758666992
107.093116760254
6.234058380127
48.278415679932
75.114166259766
76.381668090820
-19.414388656616
90.814826965332
47.159370422363
72.072364807129
24.911001205444
-12.268712043762
101.526496887207
15.942020416260
27.340108871460
35.392383575439
72.876998901367
-21.918561935425
75.191162109375
33.172977447510
57.987194061279
21.138195037842
25.525402069092
65.755302429199
27.556600570679
66.805747985840
66.037918090820
11.863138198853
40.918529510498
39.073173522949
28.469451904297
27.675666809082
-3.670776605606
-14.373013496399
61.512973785400
13.711696624756
12.676465034485
21.829236984253
59.078052520752
66.371757507324
6.790257930756
23.869369506836
65.037796020508
14.727819442749
30.864326477051
95.901298522949
88.169174194336
93.301033020020
11.075576782227
84.429718017578
78.222656250000
82.744644165039
3.540740251541
-23.123476028442
71.793769836426
31.407167434692
50.477363586426
70.980003356934
60.646816253662
52.113388061523
60.030529022217
61.842327117920
47.789791107178
19.822496414185
43.854484558105
89.118972778320
-5.380432605743
94.745651245117
75.099304199219
59.766204833984
-40.981056213379
22.398790359497
29.150428771973
47.253284454346
42.893703460693
31.481822967529
-68.281455993652
35.938621520996
57.397418975830
60.792526245117
47.495502471924
83.421691894531
