7696.073242187500
11276.098632812500
9040.929687500000
12654.802734375000
1471.855590820312
4228.126464843750
5628.118164062500
10810.823242187500
8134.350585937500
8222.738281250000
14128.472656250000
7988.092285156250
7091.953613281250
2155.887939453125
3603.910644531250
5603.108886718750
11229.090820312500
6621.999023437500
7422.649414062500
9676.038085937500
1807.188354492188
11501.081054687500
8924.153320312500
3347.690917968750
8115.394531250000
12093.277343750000
10946.894531250000
4280.498046875000
5510.526855468750
11014.962890625000
6367.933105468750
11475.894531250000
10216.689453125000
11646.850585937500
4236.244140625000
6607.603027343750
7736.137207031250
8283.990234375000
5206.972167968750
3975.909912109375
8314.790039062500
3506.802490234375
7428.013671875000
6057.547851562500
10342.010742187500
6331.362792968750
6961.829101562500
9979.672851562500
7519.653808593750
6718.144531250000
10368.901367187500
8558.881835937500
3664.184082031250
6805.261230468750
6728.386718750000
12034.561523437500
3319.957763671875
6251.265625000000
11322.784179687500
3625.647705078125
9629.224609375000
8352.317382812500
6874.582031250000
3403.639404296875
10625.793945312500
7282.381347656250
4651.425781250000
6632.640136718750
7921.953125000000
3542.525634765625
7301.690429687500
8720.688476562500
3488.684326171875
6482.667968750000
2838.391113281250
2638.409912109375
6135.683105468750
6695.140136718750
4331.298828125000
5266.896972656250
6576.790527343750
4631.362304687500
6669.265625000000
7562.271484375000
10646.177734375000
14505.315429687500
10743.087890625000
5906.547851562500
12469.459960937500
6041.778808593750
2729.913818359375
5653.541015625000
9230.453125000000
12865.752929687500
10221.513671875000
5410.986328125000
17459.281250000000
10966.250976562500
5574.280761718750
9660.758789062500
6330.332031250000
7021.949218750000
7735.227050781250
8653.891601562500
5059.675781250000
6115.756835937500
9086.824218750000
10238.771484375000
8181.630371093750
3002.815185546875
6106.717773437500
10261.011718750000
5635.633789062500
7872.644042968750
6119.509765625000
3532.928710937500
5629.294433593750
9978.909179687500
6482.730468750000
8192.899414062500
12731.316406250000
3655.299072265625
5894.652832031250
5263.083984375000
7859.664550781250
10245.708007812500
9437.301757812500
8643.375976562500
