1.323102235794
1.362779617310
1.769479036331
1.258192777634
0.774767100811
0.976696491241
1.286264896393
1.144614934921
1.237754583359
0.787665545940
1.174389958382
1.081004858017
1.471682429314
0.796711921692
1.364374399185
1.548343539238
0.165081471205
1.108521461487
1.163450598717
1.405473113060
0.726170957088
1.338561773300
1.513652920723
1.651008367538
1.306772828102
1.343605399132
0.000105704428
1.374322056770
1.589951515198
0.018678765744
1.105775117874
1.256680488586
1.881091952324
1.282746315002
0.872143924236
1.270352363586
1.213446974754
1.298194527626
1.045781254768
0.890971720219
1.083430171013
0.931746363640
1.198012590408
0.769486367702
1.146900653839
1.213721513748
1.292119145393
1.383854985237
1.386220216751
1.142733216286
2.443814039230
1.087000727654
0.906023204327
0.924325108528
1.175035595894
1.441867589951
1.153233289719
1.258493304253
1.355423569679
1.091774225235
1.323130726814
1.326258897781
0.980760812759
0.597136795521
1.547807335854
1.019708037376
1.076048254967
1.086527347565
0.995753586292
0.910950183868
1.267301559448
1.427417159081
1.069575548172
0.988046228886
0.883093416691
0.721139431000
0.328555613756
1.220055222511
0.942977488041
1.272148728371
1.053752660751
1.339878082275
1.072795033455
1.132908225060
1.254769682884
2.038608551025
0.875067830086
1.086783766747
-0.184354752302
1.198375582695
0.658748447895
1.184156775475
1.384218811989
0.021427992731
1.391015052795
0.766693592072
0.000163014527
1.217489242554
1.099230289459
1.417675018311
1.195245385170
1.283653974533
1.228529930115
1.219293475151
0.973830759525
1.355138063431
1.275487184525
1.723322033882
1.443600416183
1.284275174141
1.251152992249
1.386450767517
1.201623797417
1.181727409363
1.093906521797
0.845951974392
1.041871190071
1.121550679207
1.156539320946
1.268755435944
1.211604475975
0.861880540848
0.549186527729
0.868335247040
1.125747919083
1.877888202667
1.233671903610
1.593453526497
