1.570826411247
0.898578286171
1.606075644493
1.374393343925
0.609280407429
1.115987896919
1.406932115555
1.678110122681
1.789325833321
1.251832246780
1.566158890724
1.567649841309
1.682821393013
1.292461991310
1.991699934006
1.448579072952
1.014651417732
1.653952956200
1.229737401009
1.245986938477
1.736432909966
0.895565032959
1.770769476891
1.689224720001
1.168243646622
0.128763258457
1.274883985519
1.061767816544
1.619907021523
0.542728364468
1.460960507393
1.254929423332
1.604164719582
0.724901556969
1.853676915169
1.168002843857
1.856729507446
1.178235888481
1.194945693016
1.352616310120
1.636929392815
1.414220571518
1.545799255371
0.822003364563
1.193250894547
1.193098306656
0.754232585430
1.307733535767
1.091800332069
1.625041961670
0.109548985958
1.326640248299
1.357188344002
1.638324260712
1.553139090538
0.000433264795
2.183782339096
1.569112777710
1.078896284103
0.755359530449
0.817576706409
1.507672905922
1.101680040359
0.788370072842
1.645302891731
1.749525547028
1.698768258095
1.562857747078
0.816028296947
1.583059191704
1.567059516907
1.570922732353
1.888163208961
0.936238050461
1.074355125427
2.182454109192
1.063408017159
2.427991867065
1.056310534477
1.715556740761
1.903764963150
1.871430635452
0.941072940826
0.951926231384
2.374925613403
1.831553816795
1.482499122620
1.673885583878
1.150465846062
1.532713770866
1.800276875496
1.468660116196
1.029514193535
0.938577771187
1.103819131851
0.072124883533
0.451532870531
1.596518397331
1.301351308823
1.503755211830
1.695817232132
1.525147080421
1.908536434174
1.241581201553
1.459865212440
2.188807964325
1.112448096275
1.374484300613
0.630052030087
1.228245019913
1.444180727005
1.617793202400
1.610873460770
1.258216857910
1.527545094490
1.674610733986
1.918217301369
2.245754480362
1.465033292770
1.480417132378
1.559372305870
0.536594271660
0.676817774773
1.467775464058
1.883322954178
0.980295836926
1.164232254028
1.061359763145
1.285532593727
1.346851229668
1.498337507248
1.181383132935
1.412978887558
1.567445755005
1.598172545433
1.044622063637
1.114206433296
1.228414773941
1.979660749435
1.189166426659
1.230352044106
1.129422187805
1.690883040428
1.354043006897
0.665942668915
1.493568062782
1.871473193169
1.159670352936
1.950743436813
1.233893752098
1.777779936790
1.703399419785
1.585478067398
1.377684116364
1.423441290855
1.165929079056
1.448141694069
1.312841892242
1.575426578522
1.440626621246
1.745821714401
1.382103085518
1.441602349281
0.000888437324
1.111628174782
1.738974452019
1.481278181076
1.169880270958
1.306766748428
1.630892276764
0.785564601421
1.495219945908
1.797695040703
0.840958178043
1.440752387047
1.428773164749
1.753624439240
1.424371600151
1.469346761703
1.922167897224
1.816591143608
1.242254734039
1.226044058800
1.642675518990
1.646811604500
1.691631674767
1.562218189240
1.429375171661
1.304314851761
1.441343784332
1.790029048920
1.342668175697
2.231733083725
1.727909684181
1.329430937767
1.277810454369
1.706430912018
1.809875965118
1.679851889610
1.401377916336
1.632102608681
1.096202731133
1.266219973564
1.498218774796
1.590002059937
1.639803171158
1.275232791901
1.460189104080
1.320442557335
1.252578139305
0.667450726032
1.587518692017
1.693123579025
1.617762684822
1.174276590347
0.807419836521
1.626415967941
1.509496450424
1.129113674164
1.600469470024
1.441657543182
1.321487903595
1.418481588364
1.455728769302
1.443650960922
1.607090830803
1.476696491241
1.371358036995
1.322715640068
0.774960756302
1.888631343842
1.335087060928
1.420532822609
1.364764332771
1.978186130524
1.437632560730
1.885468125343
0.712348818779
2.094425916672
1.662733674049
1.784779787064
1.421792030334
1.195810317993
0.509652495384
1.048606991768
1.430054306984
1.730736255646
0.923654556274
1.576246857643
1.634016633034
1.039705157280
1.498539805412
1.483308434486
1.464103460312
0.000262267218
1.378801107407
