-0.949223458767
-1.017618775368
-0.000049081420
0.166368380189
0.028020637110
-0.802833497524
-1.027159690857
0.874445617199
0.000192971303
-0.137600049376
-1.445177793503
0.451778769493
-0.640652000904
-0.767914474010
-1.072398424149
-1.175756692886
-0.966534137726
-1.248546361923
-0.665846347809
-0.681768536568
-0.924265563488
-1.571663856506
-1.148087143898
-1.206348180771
0.267075657845
0.237609535456
-0.665035784245
-0.949318706989
-1.398001790047
-0.656399190426
-0.663729846478
-0.817597746849
-0.801875233650
-0.768495559692
-1.558935761452
-0.343157261610
0.204293608665
-0.957236707211
-0.369080424309
-0.263993680477
-0.966794967651
-1.146305680275
-0.198304265738
-0.111455284059
-1.722392082214
-0.883212029934
-1.909195423126
0.000241879636
-0.802344858646
0.499483376741
-1.307514071465
-1.303270220757
-1.036729574203
-1.180305123329
-1.249780654907
-1.204236745834
-0.541053295135
0.209172919393
0.951803863049
-1.037385225296
-0.851828575134
-0.153283894062
-0.815458953381
0.079961173236
-0.915958940983
-1.274368524551
-1.467616796494
-0.389798909426
-0.735014319420
-0.589727163315
0.276869475842
-0.082016885281
0.002690905705
-0.961177527905
-2.192336797714
-1.429724812508
-0.853949010372
0.007891539484
0.713686227798
-1.139931917191
-0.935747027397
-0.574827671051
-0.628313899040
-1.575988531113
-1.514768004417
-1.063816785812
-1.316052436829
-0.084785535932
0.044816173613
-0.859194636345
-0.624590754509
-1.196421861649
-1.334063053131
0.501632630825
-1.235764384270
1.011905670166
0.042169269174
0.615837693214
-1.089915275574
-1.156818747520
-1.223049759865
-0.699244856834
-0.355583131313
-1.789512515068
-1.033196330070
0.366523683071
0.498572677374
-1.467578291893
-0.800918161869
-0.679964542389
-1.138261914253
0.339986056089
-1.324309349060
-1.142810225487
-0.982812404633
-0.729206740856
-1.092894554138
-0.582889378071
-1.442784786224
-0.993448734283
1.320970654488
-0.945454657078
0.581063926220
-0.753152012825
-0.514015674591
-0.387783080339
-1.157887816429
0.127644181252
-1.359430313110
-1.112431526184
-0.726943790913
-0.912765383720
-0.995151638985
-0.988829374313
-1.403682827950
-0.923780679703
-1.786775469780
-0.004054811783
-1.030067563057
-0.499143868685
-1.378985643387
-0.332305371761
-1.411242485046
0.165829703212
-1.303022384644
-0.825100421906
-1.543248414993
-0.647408068180
-1.219134211540
0.461885720491
0.000034573222
-0.147919535637
-1.227334260941
-0.871258020401
-0.089807920158
-1.624570250511
-0.286341875792
-0.742392063141
-1.339837312698
-1.210848331451
0.093566372991
-0.258135259151
-1.383781313896
-0.698798239231
-1.105839610100
-0.925720095634
-0.038947351277
-0.661776125431
-1.176018714905
-0.166964322329
-1.114064812660
-0.137851700187
-0.000065411630
-0.264597445726
-0.360696911812
-0.765171706676
-1.635640263557
-1.571964621544
-0.820032775402
-1.062238693237
-0.920064508915
-0.805149257183
-0.959166586399
-2.456035375595
-0.587892711163
-1.146732091904
-0.764114439487
-1.276209115982
-1.195929169655
-0.433215945959
-1.395015835762
-1.574251651764
-0.766274511814
0.714235067368
-0.899620294571
0.613278806210
0.460208564997
1.359053611755
-1.062293648720
-0.684036672115
-0.510503053665
-1.114485263824
-0.937319219112
-0.986952006817
-0.135407909751
-1.548368930817
-1.248442173004
-0.806636154652
-0.933411359787
-0.590380668640
-0.217198535800
-0.259052991867
-0.468626409769
-0.866654217243
-1.488004922867
-1.518767833710
0.517935574055
-1.419932007790
-1.364868402481
-1.233549356461
-1.445115208626
-1.299885034561
-0.804482758045
-0.013896844350
-0.160184130073
-0.405702143908
-1.121095180511
0.044287476689
-1.292835474014
-1.426559805870
-0.705280423164
-0.287027835846
-0.824218809605
-0.556213021278
-0.376975595951
-1.162825942039
-0.892914950848
-0.833038151264
-1.003167748451
1.105040550232
0.572242140770
-0.813006877899
-0.851637542248
-1.025484561920
0.001453018049
-0.321097493172
-0.737022697926
-1.224347949028
-0.439621090889
-0.955601572990
-0.846247732639
-1.037159919739
-1.278666257858
-1.320605158806
-1.097607135773
-1.094288110733
