3986.450683593750
5502.751953125000
4629.344238281250
4926.102539062500
5289.798339843750
5562.377929687500
7694.854003906250
5088.023925781250
5187.907714843750
9499.059570312500
5044.562011718750
13506.882812500000
7804.420898437500
5150.249023437500
4592.204101562500
3893.891845703125
5406.919921875000
5388.723632812500
8596.132812500000
6784.921386718750
5848.719726562500
5060.714355468750
7935.726074218750
6755.724121093750
7974.016113281250
5417.545898437500
6287.659667968750
6759.634765625000
6593.332519531250
3748.891357421875
4783.376953125000
5355.798339843750
5292.690429687500
7030.603027343750
3903.632324218750
6345.948730468750
5845.885742187500
6334.501953125000
4767.043457031250
7591.806152343750
3781.054443359375
5243.514648437500
5556.840820312500
3760.371093750000
7645.143066406250
7512.478027343750
4366.680664062500
8439.388671875000
5557.866210937500
4913.437011718750
4768.540527343750
6518.179199218750
5241.986328125000
15197.435546875000
6558.976074218750
6960.305664062500
7526.935546875000
6502.665527343750
4685.252929687500
3350.593505859375
4385.899902343750
6126.589355468750
6010.285156250000
6263.231933593750
7486.083007812500
4900.784179687500
4760.374023437500
5302.457031250000
7330.296386718750
10065.297851562500
6261.407226562500
6260.092773437500
9034.220703125000
2713.236816406250
5967.791503906250
6301.213867187500
4354.271484375000
6342.233398437500
5595.586914062500
5589.440429687500
2980.070312500000
4617.004882812500
5630.207031250000
7048.404296875000
8995.601562500000
2522.199462890625
4925.117187500000
4881.943359375000
5672.396484375000
5860.797363281250
5142.566406250000
6872.266113281250
5673.654785156250
6398.391601562500
6293.041992187500
6743.765625000000
4081.262451171875
5555.166503906250
4853.841796875000
5788.672851562500
6109.640136718750
10505.114257812500
8448.638671875000
8133.862792968750
5186.361328125000
9687.517578125000
7206.182128906250
6409.041503906250
6051.000976562500
5849.496582031250
8633.905273437500
7037.312500000000
5552.750000000000
6275.425292968750
6333.426757812500
5869.715820312500
6166.005371093750
6691.056152343750
3378.889160156250
4481.227539062500
6138.132324218750
3067.354736328125
5833.033203125000
5997.596191406250
4983.712402343750
4617.412597656250
6544.150390625000
5811.475585937500
5094.927246093750
5613.059082031250
6061.822265625000
5569.520019531250
4605.608398437500
6248.072753906250
3297.368164062500
5415.009765625000
4649.542480468750
5408.415527343750
6626.062988281250
7899.686523437500
10957.865234375000
5552.104980468750
7960.090332031250
4251.977050781250
5644.484375000000
7471.969238281250
5669.702636718750
4649.934570312500
10407.750000000000
4747.725585937500
4804.410156250000
5033.055664062500
6230.254394531250
6176.853515625000
4602.812500000000
7283.220214843750
4617.131835937500
7958.171875000000
4670.045410156250
5065.199707031250
7041.758789062500
4605.588867187500
4598.563476562500
4079.185058593750
4888.272949218750
11636.786132812500
3920.084960937500
5357.162597656250
5601.177734375000
6794.987304687500
4542.467285156250
5521.575683593750
7344.087890625000
3674.998779296875
7214.085449218750
8139.062988281250
4193.357910156250
5913.052246093750
5715.175781250000
6794.608886718750
5860.693359375000
6026.236328125000
5220.582031250000
3918.791748046875
4012.324951171875
3854.926513671875
6265.454589843750
3994.236572265625
6229.200195312500
5782.534179687500
5181.745605468750
8331.856445312500
6719.877929687500
7508.109863281250
4771.317871093750
5814.246582031250
3417.210205078125
7491.609863281250
5196.089355468750
6379.641113281250
3940.378662109375
6529.508789062500
4982.187988281250
7484.034179687500
6496.979492187500
6222.005859375000
5211.637207031250
4224.156250000000
5637.406738281250
6097.791503906250
4482.623535156250
5714.987304687500
4505.804687500000
4671.276855468750
6400.960449218750
6352.101562500000
6478.128906250000
4869.184082031250
5529.480957031250
5522.933105468750
5629.282714843750
4179.959472656250
10050.377929687500
8513.658203125000
3769.219970703125
4515.400390625000
5585.885742187500
5185.314453125000
6654.539550781250
6465.928710937500
5730.761230468750
4693.402832031250
6532.527832031250
5673.087890625000
4297.881347656250
4879.751953125000
8076.985839843750
5843.142578125000
6636.781738281250
6015.873046875000
4681.273437500000
4740.957031250000
5590.279785156250
5093.916503906250
7394.507812500000
8666.290039062500
4621.111328125000
10701.914062500000
4832.329101562500
5822.853027343750
3143.786132812500
7136.547363281250
6675.045410156250
2340.134521484375
7049.313964843750
4559.066894531250
5425.355957031250
11908.560546875000
6278.225585937500
4002.290771484375
4837.921386718750
4454.257324218750
4644.355468750000
6212.253906250000
4901.827636718750
11406.405273437500
7398.114746093750
6532.566894531250
7514.656738281250
6331.382812500000
5703.360839843750
6447.634765625000
9284.990234375000
5959.554199218750
3438.054687500000
4938.162597656250
4215.892089843750
5723.207031250000
5521.181640625000
5400.515625000000
4467.137207031250
4590.932617187500
5598.559082031250
6856.073242187500
6352.802734375000
5538.881347656250
5060.449707031250
5322.139160156250
6810.397460937500
5653.436035156250
6208.207519531250
4838.880371093750
5009.319824218750
7184.538085937500
13214.754882812500
5288.277832031250
3061.363525390625
6493.988769531250
8243.886718750000
4116.260742187500
4666.319335937500
4896.320312500000
5999.031738281250
4206.149902343750
7656.473632812500
12858.174804687500
8046.045410156250
5389.169433593750
6096.913574218750
3826.215087890625
5273.495117187500
6036.894531250000
12799.676757812500
5147.016601562500
5942.162597656250
4596.058105468750
5056.806152343750
5454.054199218750
6986.928222656250
5424.527832031250
6769.007324218750
5770.600097656250
7939.553222656250
4710.427734375000
7624.987792968750
6064.054199218750
3118.937255859375
6875.190429687500
5347.074707031250
6658.985351562500
4694.808593750000
6261.598632812500
6445.459960937500
4190.242187500000
7378.976562500000
4109.358886718750
6996.706054687500
5092.011230468750
5517.219726562500
5571.376953125000
3210.438232421875
5831.326171875000
5885.012695312500
5532.333496093750
5798.848144531250
8192.662109375000
7476.828125000000
5206.097656250000
5268.159179687500
6554.766113281250
7815.534667968750
2997.202148437500
6960.550781250000
5993.808593750000
7956.188964843750
5080.048339843750
5839.293457031250
4810.377441406250
6607.031250000000
4837.529296875000
4198.342773437500
4139.986328125000
5075.527343750000
4481.884765625000
6122.483886718750
8424.341796875000
4718.436035156250
5757.626953125000
5521.431152343750
5115.645996093750
5093.494140625000
5263.386230468750
6798.709960937500
6471.664062500000
8054.103027343750
12760.180664062500
8168.335449218750
5441.135253906250
6552.714843750000
4170.090332031250
4281.273925781250
7819.944335937500
5045.407714843750
6408.243652343750
6872.038085937500
6306.237304687500
10957.720703125000
5190.790527343750
5119.239257812500
5219.656250000000
6863.729980468750
6393.209960937500
5428.478027343750
7542.971191406250
8079.636718750000
4615.725097656250
9678.425781250000
10037.764648437500
5479.515625000000
5502.844238281250
6583.774414062500
7240.072753906250
4964.574218750000
5547.126464843750
5512.970703125000
5828.105957031250
5968.670898437500
5370.171875000000
14930.843750000000
5988.252929687500
5598.404785156250
7574.822753906250
17127.101562500000
5811.843750000000
6152.348144531250
3258.162353515625
5684.969726562500
5982.688476562500
2451.277099609375
4454.507812500000
5502.341308593750
5275.414062500000
3597.745117187500
5407.897949218750
2306.569335937500
4883.913085937500
5762.538574218750
8368.176757812500
5434.343261718750
3959.083496093750
4505.982421875000
7145.385253906250
4373.166015625000
4643.648437500000
4316.676757812500
5829.056152343750
6426.030273437500
6908.293457031250
7400.182617187500
6238.457519531250
5561.269042968750
5045.385742187500
5529.773925781250
5680.780273437500
4269.010742187500
5370.937500000000
4015.897216796875
5320.427734375000
4418.267089843750
5049.308593750000
11534.818359375000
6049.444824218750
5529.090820312500
3233.493652343750
6203.871582031250
5847.269531250000
6857.281738281250
4862.217285156250
5351.633300781250
4542.939941406250
3622.329101562500
5595.731933593750
5824.156250000000
4211.572265625000
6159.814941406250
5733.141113281250
5322.586914062500
11002.673828125000
6497.140625000000
4853.103027343750
3127.246337890625
6113.726562500000
5154.117187500000
5125.648437500000
7710.914062500000
6622.252441406250
6692.270996093750
7239.556640625000
6621.625976562500
5300.714843750000
7827.168945312500
5975.026855468750
9386.078125000000
6382.044921875000
7550.810546875000
5587.755371093750
3121.048583984375
6225.270019531250
4764.898925781250
6335.824218750000
5630.413574218750
7401.449707031250
7270.743164062500
6126.612792968750
5782.896484375000
4999.105468750000
7747.684570312500
5508.270996093750
4477.391113281250
6762.230468750000
7078.411132812500
2305.431884765625
6920.792480468750
5259.154296875000
7786.171386718750
5627.036132812500
6637.370117187500
5320.685058593750
18826.714843750000
6723.367187500000
4912.938476562500
7957.227050781250
