-35.679275512695
47.160789489746
-45.765651702881
13.013535499573
66.525596618652
21.787582397461
-5.550696849823
-15.094722747803
-5.218693256378
23.450210571289
102.089080810547
31.942888259888
68.217971801758
-1.170125842094
64.663467407227
-20.107826232910
-51.358657836914
-76.054512023926
-49.355606079102
68.152900695801
7.551093101501
-77.327056884766
-17.173393249512
238.890090942383
-60.931747436523
28.981039047241
-66.342910766602
21.790809631348
5.039140224457
-39.535728454590
-33.679012298584
-42.483295440674
43.072616577148
-23.011039733887
-27.343788146973
73.199180603027
19.377920150757
37.891601562500
21.594198226929
40.004398345947
-2.707795619965
-23.244501113892
-79.044784545898
51.495639801025
-32.722667694092
48.351421356201
1.135222434998
-36.015693664551
-16.771484375000
43.861640930176
149.441589355469
35.444240570068
-14.384122848511
-89.741416931152
-30.969648361206
-21.067873001099
77.951446533203
29.693973541260
2.240000486374
73.150833129883
89.444961547852
-74.370986938477
-112.423866271973
-69.832145690918
-27.659980773926
-9.997987747192
-26.827655792236
34.844474792480
44.683887481689
-17.286104202271
-7.991545200348
63.734062194824
-33.183521270752
-1.435568332672
-33.324211120605
-100.351402282715
4.196008205414
1.595676660538
9.655219078064
44.379985809326
-92.314292907715
3.207617998123
22.684738159180
26.205358505249
18.879520416260
4.380238533020
-13.946665763855
17.079998016357
-41.376338958740
-43.068912506104
36.233562469482
-14.025505065918
-122.870841979980
29.307117462158
-6.719166278839
14.329466819763
119.959671020508
24.208526611328
-19.935325622559
52.584449768066
-29.612110137939
2.344748497009
-41.571464538574
38.734283447266
31.145208358765
-71.593345642090
-21.765192031860
-6.398901462555
-57.846828460693
89.943893432617
63.336841583252
-27.419929504395
-83.322242736816
115.274253845215
-15.489055633545
105.410598754883
-71.275894165039
-37.048316955566
-56.896896362305
-9.767570495605
14.838068962097
-54.178558349609
49.084041595459
44.340831756592
-101.823249816895
70.060249328613
-67.207069396973
-32.694332122803
-22.285387039185
54.453029632568
-33.314701080322
11.380398750305
41.323104858398
-5.753897190094
-57.698635101318
-59.309791564941
-68.328636169434
-53.242404937744
-87.397033691406
135.450424194336
37.221336364746
-90.071907043457
-24.825469970703
47.452816009521
-56.214763641357
-86.265335083008
-25.548622131348
84.830780029297
51.728248596191
19.905443191528
-63.242229461670
11.193247795105
-7.863757133484
31.846715927124
73.506797790527
-15.893243789673
20.861001968384
10.057188034058
-117.152267456055
-42.197975158691
-43.684989929199
-41.567062377930
23.229127883911
-31.230098724365
89.295997619629
-37.874507904053
-1.182776689529
12.016520500183
-21.037549972534
-23.661924362183
-15.457086563110
-61.521480560303
-76.038520812988
-0.870738446712
-108.534301757812
-93.627250671387
0.781350076199
32.990200042725
124.116386413574
-42.688758850098
-65.847801208496
37.917575836182
-22.992212295532
-78.784828186035
-29.270923614502
-81.995605468750
26.507604598999
-82.663322448730
-51.491165161133
11.308457374573
-83.368362426758
84.524810791016
65.523880004883
64.951217651367
-24.457679748535
99.612403869629
-30.333913803101
23.034456253052
46.898674011230
49.612602233887
56.960300445557
23.338006973267
-46.908966064453
43.536911010742
92.722412109375
-28.600170135498
2.707014560699
-6.814319133759
98.434196472168
-58.772304534912
27.384107589722
-15.048485755920
44.141548156738
-8.654108047485
31.193109512329
63.141613006592
52.763381958008
4.898412704468
1.112872362137
-61.953731536865
-156.939346313477
-14.907802581787
24.453405380249
-22.271251678467
72.465164184570
-15.298680305481
-41.920005798340
-46.026325225830
20.902294158936
-15.131611824036
-42.884433746338
11.356007575989
67.966926574707
-27.683744430542
-112.315750122070
5.428216457367
1.949684619904
22.015911102295
96.082588195801
4.535149574280
-23.642574310303
-74.876976013184
48.820480346680
41.715209960938
5.253493785858
58.368671417236
-37.514503479004
14.030383110046
-22.429151535034
-75.434211730957
-79.522262573242
80.011299133301
14.817727088928
3.286849021912
-12.038388252258
24.939031600952
112.203872680664
-45.637310028076
-1.908107161522
33.407833099365
64.258407592773
44.739429473877
-22.315179824829
11.865263938904
-17.135942459106
117.568099975586
62.835826873779
59.293956756592
73.168083190918
-64.468002319336
41.202728271484
-84.457405090332
-19.821851730347
-40.388504028320
-2.854328632355
49.484714508057
-32.255542755127
-9.837261199951
-57.617080688477
-29.270734786987
23.081071853638
82.117439270020
-125.560592651367
41.006706237793
105.080513000488
78.059638977051
95.880294799805
-27.248334884644
-79.001976013184
-96.821548461914
-45.588344573975
26.079589843750
-4.432486057281
-21.084999084473
-82.193855285645
17.109399795532
-40.334312438965
-128.964553833008
-18.995540618896
57.081661224365
-70.177467346191
29.563854217529
39.702381134033
86.470123291016
2.955221176147
-105.619750976562
29.906705856323
-24.173992156982
-6.986961364746
1.489410519600
-0.221155419946
35.431777954102
-47.462139129639
7.168150424957
-33.965469360352
-16.729652404785
47.566986083984
-24.215627670288
9.500893592834
-2.949757814407
18.518939971924
-70.957221984863
-4.862015724182
3.143317461014
-105.616493225098
-83.808113098145
-20.789211273193
-100.906311035156
-114.029495239258
21.669044494629
-104.905815124512
-35.484535217285
51.174667358398
-43.581996917725
22.298986434937
5.589531421661
-8.297919273376
-12.375288009644
22.435188293457
42.137710571289
-11.100816726685
26.191785812378
26.913110733032
93.861831665039
16.539436340332
79.428459167480
-32.891326904297
-71.843872070312
-77.608184814453
-22.703681945801
20.188831329346
11.267056465149
17.476949691772
80.136756896973
-30.076156616211
110.339225769043
85.586868286133
-0.161167323589
-13.289343833923
-62.654140472412
-99.898887634277
133.740661621094
38.509445190430
-14.364286422729
64.498306274414
44.815032958984
39.204200744629
133.208435058594
20.280534744263
10.182862281799
-4.843814373016
-31.264884948730
34.760055541992
34.204299926758
6.477260589600
-140.428405761719
71.640830993652
6.273345470428
-29.426012039185
26.771083831787
71.645912170410
-90.378448486328
27.163091659546
-52.292781829834
-14.528269767761
-20.814773559570
-105.596015930176
-97.765533447266
7.965809822083
-4.736697673798
65.256469726562
-28.756841659546
20.967971801758
30.818197250366
53.246818542480
120.092269897461
19.767927169800
27.975736618042
23.579341888428
-14.842430114746
7.532239913940
128.939773559570
34.204902648926
-13.303004264832
70.786636352539
17.219518661499
82.060508728027
-12.696135520935
-161.891082763672
-33.328380584717
21.029872894287
-84.515785217285
-82.981658935547
24.157773971558
-49.921817779541
17.499118804932
27.308710098267
60.231407165527
-62.300033569336
9.632921218872
27.433736801147
16.173999786377
-11.643486976624
-15.499548912048
55.848873138428
43.202537536621
27.322261810303
48.718879699707
19.007534027100
-36.779796600342
-34.890567779541
-105.475387573242
28.279382705688
-23.870059967041
-15.004877090454
-62.624248504639
61.740650177002
-4.952324390411
-85.421455383301
-10.155275344849
16.940435409546
-20.269256591797
-21.482418060303
125.598251342773
77.773147583008
-88.508155822754
99.024559020996
47.017608642578
-101.525917053223
-96.986190795898
-50.405719757080
5.294396400452
26.740186691284
48.006305694580
53.358257293701
22.307727813721
-113.053108215332
51.480873107910
55.827915191650
16.580873489380
-83.915023803711
75.056510925293
-17.285873413086
-87.649955749512
-61.285800933838
127.969886779785
-76.643241882324
-84.021110534668
4.655923366547
84.210815429688
-44.658355712891
-19.513868331909
37.678928375244
16.584520339966
-56.687911987305
-4.977897167206
1.514677286148
-52.469486236572
-13.781345367432
2.158485174179
-4.786224842072
-67.505577087402
78.322906494141
1.573840141296
56.001216888428
-69.572944641113
16.451122283936
-72.791259765625
35.062324523926
-95.971755981445
50.524150848389
33.982112884521
-56.738033294678
1.928618311882
-28.103677749634
29.493652343750
-3.884898662567
-28.750816345215
-53.494682312012
62.545761108398
-59.586605072021
54.735115051270
-14.601222991943
66.209831237793
33.607208251953
-44.354415893555
7.889089584351
-67.846313476562
-30.911148071289
-55.369216918945
24.956243515015
-65.903198242188
