1.428738474846
1.696698307991
0.913938760757
1.704002499580
1.801763892174
2.275987625122
1.833093881607
1.519844889641
1.703406095505
1.740221381187
1.645566821098
0.000079342179
1.581967115402
2.107095956802
1.365741252899
1.119749307632
1.594447851181
1.667380452156
1.909662485123
1.405210971832
1.782626271248
1.660663127899
1.699656248093
1.718378782272
1.840451598167
1.371972322464
2.020427227020
1.902496099472
1.858780741692
0.924403071404
1.713292598724
1.314637064934
1.286353349686
1.847077012062
0.879421651363
1.575560331345
1.520996093750
1.750712752342
1.362540960312
2.180932044983
1.146263360977
1.805605173111
1.257161021233
1.253567934036
2.468476295471
2.121525764465
1.226906299591
1.741455674171
1.749578833580
1.272077441216
1.663369655609
1.813034057617
1.840100169182
-0.000129442109
1.913579106331
2.163815498352
1.454648137093
1.380586028099
1.625317811966
1.700255870819
1.780427575111
1.765631556511
1.720231771469
1.841553926468
1.430995702744
1.484861135483
1.117834925652
1.646958947182
2.007788181305
2.521287918091
2.083369255066
1.264888644218
2.062642097473
0.657316625118
1.751554369926
1.670361161232
1.174281358719
1.514484524727
1.319593787193
1.772805213928
1.065952181816
0.987075030804
1.625949501991
1.791046500206
0.000984717975
0.366902738810
1.660091161728
1.340072274208
1.017459154129
1.804550766945
1.420018076897
1.512563586235
1.304856657982
1.839529752731
1.878844261169
2.118374824524
1.619443058968
1.725835919380
1.459918022156
2.043820619583
1.805347323418
2.541564941406
2.138934373856
2.217252492905
1.763810038567
1.813902616501
1.537716746330
1.812831044197
1.649757742882
1.808435678482
2.217484712601
2.095899343491
1.846891641617
1.895276665688
1.560251116753
1.621387124062
2.113584756851
1.857447504997
1.384949207306
1.536003708839
2.043621778488
0.836085319519
1.924246430397
1.583222985268
1.668103337288
1.046406507492
1.513961791992
1.900016903877
1.577610969543
1.290141940117
1.535503506660
1.560121536255
1.560279607773
1.980507016182
0.111978143454
1.799702405930
1.768220424652
1.764573693275
2.088238954544
1.867295503616
2.150155544281
1.935526728630
1.747438430786
1.058197736740
1.725919961929
1.936717629433
1.588678240776
1.472724556923
0.000320986408
1.705594182014
1.597816228867
1.185983419418
2.182776927948
2.174295186996
1.476047635078
1.973377585411
1.643366217613
1.934257626534
1.695310592651
1.114202022552
1.651629805565
1.724161624908
1.346357345581
1.245704174042
1.701265811920
0.000262705755
1.411230802536
1.682273149490
1.395067453384
1.498230576515
1.179279923439
1.904011607170
1.606032967567
0.935793638229
1.760413289070
1.808357000351
1.415516138077
1.834442734718
2.049591064453
1.776397109032
1.754689097404
1.743333697319
1.588022828102
1.126842975616
1.507439494133
1.126181364059
1.742333412170
1.239640474319
1.543607354164
1.828763961792
1.800963640213
1.865256428719
1.642277002335
1.882520079613
1.868836045265
1.607437133789
1.216551065445
1.761044740677
1.651721596718
1.822503447533
1.735505938530
1.715699195862
0.967685818672
1.744340300560
1.267373681068
1.300249457359
1.919681787491
1.438681364059
1.342419385910
1.811991810799
1.695083737373
1.706315517426
1.426128745079
1.469441890717
1.564320206642
2.004222631454
1.988395690918
1.772960424423
2.037576198578
1.851405978203
2.074078798294
1.018532395363
0.034412667155
1.587365865707
1.564837694168
1.075660109520
1.435431122780
1.455180644989
1.555754542351
1.790692687035
1.197059154510
1.552090287209
1.453542470932
1.444702863693
1.405428290367
1.319052219391
1.824452161789
1.210127592087
0.000175289882
1.453769445419
1.158168792725
1.476720213890
1.861548304558
2.032598257065
1.731289625168
2.016315460205
1.653527498245
1.920779824257
1.488613724709
1.972860693932
0.943309724331
1.423480033875
1.814490556717
0.624017179012
1.881198883057
1.718559741974
1.624589562416
0.000071487520
1.999849438667
0.925820767879
1.996887803078
1.690512657166
1.699984550476
1.684859633446
1.610412597656
-0.000305104739
1.522508502007
1.917340159416
1.868100166321
1.708933353424
1.557561516762
1.734879016876
2.378029584885
1.599003672600
0.891296148300
1.822067499161
1.467851281166
1.680334806442
1.493520975113
1.654430747032
1.412874817848
1.020431995392
1.778321623802
1.844129323959
2.027772665024
1.912302374840
1.415562748909
1.713283538818
1.944731354713
1.793369054794
1.694535851479
1.441290378571
1.688580036163
2.044836759567
0.000265822018
1.338523626328
0.424435615540
1.521177530289
1.680695533752
1.596197247505
1.694091439247
1.591586589813
1.857745409012
1.462080478668
1.693034529686
-0.000011569827
1.596088528633
1.399651885033
1.839201092720
1.147571086884
1.718620061874
1.932009577751
0.000061242899
1.922299504280
1.809478402138
1.939734458923
1.635127305984
1.539772033691
1.658110022545
1.655846595764
1.977297425270
1.716369152069
1.736573815346
1.410963296890
1.550507068634
1.558794617653
0.831008315086
2.292463064194
1.799219369888
2.064451217651
1.624858498573
1.884594559669
1.991366744041
1.518197536469
1.945074439049
1.291302800179
1.677492260933
1.264840006828
1.561271429062
1.747242689133
0.825354933739
1.817049503326
1.815211892128
1.411753058434
1.370692968369
2.101424455643
1.782324790955
1.335892081261
1.673353672028
1.603247523308
1.921447634697
0.687209725380
1.403224110603
1.620335936546
2.133149862289
1.633314371109
1.539013028145
1.676823735237
1.942924141884
1.512590646744
1.540458440781
1.548368334770
1.697324275970
0.003426287789
1.588427543640
1.628450512886
1.942514419556
1.856312751770
1.882262825966
1.637776136398
1.404468774796
1.680921196938
1.480391621590
1.597609162331
1.558417201042
0.000091145470
1.986045122147
1.780255675316
1.531734704971
1.509390830994
1.225259304047
1.745743036270
1.669413447380
1.822975277901
1.988341331482
1.378788828850
0.000071087736
1.789277076721
1.424264192581
1.574344515800
1.990973234177
1.559685468674
1.302051305771
1.355958938599
1.986327290535
1.365951299667
1.989315271378
2.148545980453
1.469163656235
1.825117111206
1.756904244423
1.991315722466
1.742611050606
1.538878798485
1.541317582130
1.872255325317
1.314795851707
1.730383276939
0.000184099859
2.086220979691
2.022281169891
1.774957180023
0.000080123362
1.677739977837
1.323340773582
0.784559905529
1.627340078354
1.459910869598
0.674126148224
1.540587544441
1.531604290009
1.556882381439
0.708002328873
1.443278074265
0.587628364563
1.641488075256
1.738264322281
1.807772636414
1.731706142426
0.867639124393
1.690534472466
1.458839178085
1.454633235931
1.481485247612
1.360946178436
1.506461143494
1.500104188919
2.164096832275
1.771032691002
1.920304656029
1.572026729584
1.215209364891
1.915238380432
1.572985291481
1.289914250374
1.526852369308
1.417515039444
1.677601456642
1.639865398407
1.261295437813
0.000202098017
1.952566504478
1.820513010025
0.080691128969
1.570684194565
2.002002000809
1.941082000732
1.311394691467
1.712269306183
1.418764591217
1.256098508835
1.803964734077
1.545217275620
1.701624512672
1.652201056480
1.904696583748
2.032181024551
2.014557123184
1.760767340660
1.767219781876
0.804802298546
2.110830307007
1.738785028458
1.811429023743
2.010509014130
1.840104579926
2.071913242340
1.626864671707
1.577826976776
1.691980838776
2.099774360657
1.782055616379
1.588215947151
1.886000275612
1.637752175331
1.644222259521
0.072972342372
1.480979084969
1.721475958824
1.918355226517
1.543751358986
2.057505130768
1.913810372353
1.851423859596
1.860773801804
1.547614455223
1.929567098618
1.662657737732
1.427995920181
1.932864069939
1.752151012421
0.594241082668
1.765332579613
1.751373887062
1.793792843819
1.465143084526
1.838847160339
1.580524086952
0.001040396979
1.893063187599
1.794254422188
2.113154649734
