12428.884765625000
11443.342773437500
10653.226562500000
9515.518554687500
11741.178710937500
11796.532226562500
10423.026367187500
10112.124023437500
62755.875000000000
10812.743164062500
13041.096679687500
9088.289062500000
9560.976562500000
13943.334960937500
14542.915039062500
5921.346191406250
7539.588867187500
9676.819335937500
15335.163085937500
10431.321289062500
8113.353027343750
14289.003906250000
14580.299804687500
6909.464843750000
10612.993164062500
9155.949218750000
8009.161621093750
18000.269531250000
12294.922851562500
13368.325195312500
7242.976074218750
18526.466796875000
10205.599609375000
14813.741210937500
11804.405273437500
8362.228515625000
8402.219726562500
13939.586914062500
11273.742187500000
13748.787109375000
10733.819335937500
13937.075195312500
12285.675781250000
8767.729492187500
12121.738281250000
13279.126953125000
9910.919921875000
9719.383789062500
28176.490234375000
10148.986328125000
9033.686523437500
9903.793945312500
12581.137695312500
12886.331054687500
15560.859375000000
13029.853515625000
11440.500000000000
11794.254882812500
10850.405273437500
11378.143554687500
10241.905273437500
5982.443847656250
11733.583984375000
10386.901367187500
51329.136718750000
9296.680664062500
10674.182617187500
10290.258789062500
10264.265625000000
14678.416992187500
11372.791992187500
26739.037109375000
7832.456542968750
8478.194335937500
12135.423828125000
22199.888671875000
9965.769531250000
8257.946289062500
15388.540039062500
10908.436523437500
51556.296875000000
9480.513671875000
10627.417968750000
10095.592773437500
9368.527343750000
14022.021484375000
15373.624023437500
10607.232421875000
9091.750000000000
8414.258789062500
50944.535156250000
7810.025390625000
17718.800781250000
10344.352539062500
10495.348632812500
9668.400390625000
50490.042968750000
14837.326171875000
9994.268554687500
11148.410156250000
11186.155273437500
10558.593750000000
16332.820312500000
14809.655273437500
9134.354492187500
11253.098632812500
10630.597656250000
12127.235351562500
9675.222656250000
8728.580078125000
9213.603515625000
12590.659179687500
9506.080078125000
10486.363281250000
13792.621093750000
11409.010742187500
12248.816406250000
8043.190429687500
15434.529296875000
14462.981445312500
10512.148437500000
8517.097656250000
13858.260742187500
8654.309570312500
7855.327148437500
6787.304687500000
11129.447265625000
10543.012695312500
10281.906250000000
13543.241210937500
12202.183593750000
9526.089843750000
8274.839843750000
9276.389648437500
10250.929687500000
10120.297851562500
7075.209472656250
9520.561523437500
15184.347656250000
9091.148437500000
10225.788085937500
11922.737304687500
10100.628906250000
12949.708007812500
9378.144531250000
8631.155273437500
14817.078125000000
10857.347656250000
8854.835937500000
10723.011718750000
13734.785156250000
12408.996093750000
10168.395507812500
12240.739257812500
9874.801757812500
9377.723632812500
15756.022460937500
10873.088867187500
10312.103515625000
10954.699218750000
10945.990234375000
9740.618164062500
10417.630859375000
12403.029296875000
9146.701171875000
6870.397460937500
11091.210937500000
12828.738281250000
8174.256835937500
16058.861328125000
8768.953125000000
7416.645996093750
10439.855468750000
32978.695312500000
9833.100585937500
13716.047851562500
10306.444335937500
16252.608398437500
15339.161132812500
9468.816406250000
6824.924316406250
7567.070312500000
8001.341796875000
10579.811523437500
12118.140625000000
12577.117187500000
14232.181640625000
10631.255859375000
17029.523437500000
8717.351562500000
11024.281250000000
12463.386718750000
10983.448242187500
8903.979492187500
11941.657226562500
14989.460937500000
63289.410156250000
8974.383789062500
9569.058593750000
9076.032226562500
12394.175781250000
11896.401367187500
10440.705078125000
9848.135742187500
10125.683593750000
16174.683593750000
8763.265625000000
8359.745117187500
15206.510742187500
9989.380859375000
9183.526367187500
10118.795898437500
12321.113281250000
10202.694335937500
5986.598144531250
9996.852539062500
8925.793945312500
10751.706054687500
10916.815429687500
9559.650390625000
7503.032226562500
16076.630859375000
8956.511718750000
7256.033203125000
9773.404296875000
14889.516601562500
13476.824218750000
11789.260742187500
10291.670898437500
8603.333984375000
18893.457031250000
8018.454101562500
11099.745117187500
10878.190429687500
8169.041015625000
57184.281250000000
10256.332031250000
75702.781250000000
13845.083007812500
7987.825195312500
11634.931640625000
8954.314453125000
9122.742187500000
64056.378906250000
25108.478515625000
12513.406250000000
8416.762695312500
8497.669921875000
9933.365234375000
10288.036132812500
7929.641601562500
8292.802734375000
14874.253906250000
12487.155273437500
8705.789062500000
72269.710937500000
13305.544921875000
72106.820312500000
9972.804687500000
12368.665039062500
7619.929687500000
9477.351562500000
73589.531250000000
8025.935058593750
10220.899414062500
11145.939453125000
11434.285156250000
13425.895507812500
8975.837890625000
11767.575195312500
12271.004882812500
12576.629882812500
6980.893066406250
12922.319335937500
26217.554687500000
13036.674804687500
8866.358398437500
10905.407226562500
8790.267578125000
10893.088867187500
8901.153320312500
9276.509765625000
10305.058593750000
9761.430664062500
12469.839843750000
9323.217773437500
54865.097656250000
9341.745117187500
10066.088867187500
10143.041015625000
11896.415039062500
12080.342773437500
10481.895507812500
9018.946289062500
11229.271484375000
14530.532226562500
11078.376953125000
8802.494140625000
10640.704101562500
12178.577148437500
13005.685546875000
19658.289062500000
24238.753906250000
10991.392578125000
10568.824218750000
11321.257812500000
9651.164062500000
9628.445312500000
9173.882812500000
13271.542968750000
8214.305664062500
8936.775390625000
11982.929687500000
9486.324218750000
15300.073242187500
10073.333007812500
11097.560546875000
8583.076171875000
16483.722656250000
14324.433593750000
23773.056640625000
12033.707031250000
11128.370117187500
8906.424804687500
8545.007812500000
12379.210937500000
13859.052734375000
13366.987304687500
9047.367187500000
8334.411132812500
14791.489257812500
12100.456054687500
10101.617187500000
14465.652343750000
13826.695312500000
29314.234375000000
7177.369140625000
14212.864257812500
19854.048828125000
12307.766601562500
11332.162109375000
11068.181640625000
10007.043945312500
15641.099609375000
8845.216796875000
7078.460449218750
17307.238281250000
7183.696777343750
16547.048828125000
12582.234375000000
12448.673828125000
11365.169921875000
11284.988281250000
8826.978515625000
9653.215820312500
10700.051757812500
7370.181640625000
11486.462890625000
10478.570312500000
6974.312988281250
14536.719726562500
8083.517578125000
12724.147460937500
7452.019531250000
20433.677734375000
8412.498046875000
10513.203125000000
8301.653320312500
50041.496093750000
10083.801757812500
9277.694335937500
13122.696289062500
7403.117187500000
7828.796386718750
10514.425781250000
17151.560546875000
10993.535156250000
10713.263671875000
8961.184570312500
15431.617187500000
11443.258789062500
8108.507812500000
9738.567382812500
10936.527343750000
9446.122070312500
9822.824218750000
9883.166992187500
7184.596191406250
12299.488281250000
8845.027343750000
8389.366210937500
8995.750000000000
15822.770507812500
31821.955078125000
11129.110351562500
8409.758789062500
14061.268554687500
7481.373046875000
65895.726562500000
17067.160156250000
7932.148925781250
12179.639648437500
15824.845703125000
9944.015625000000
10227.210937500000
14063.385742187500
11408.068359375000
16331.633789062500
12712.865234375000
8939.367187500000
12379.020507812500
9386.424804687500
11832.103515625000
14782.786132812500
10960.415039062500
9699.125000000000
9723.681640625000
14881.939453125000
7448.071289062500
6888.914062500000
10567.827148437500
12256.840820312500
15907.716796875000
66572.742187500000
17222.705078125000
11870.411132812500
13098.685546875000
12688.295898437500
10080.421875000000
14141.448242187500
21727.642578125000
72021.859375000000
8606.225585937500
7900.110839843750
7679.913574218750
12702.914062500000
14587.375000000000
7613.081542968750
17338.525390625000
13373.745117187500
13384.716796875000
6776.500000000000
10511.545898437500
8588.878906250000
7763.864257812500
9638.539062500000
38690.562500000000
10858.698242187500
9165.825195312500
15908.632812500000
9131.517578125000
9015.663085937500
9555.213867187500
11127.023437500000
48993.125000000000
7137.681152343750
10275.441406250000
9095.537109375000
15153.575195312500
74034.921875000000
49218.500000000000
12888.992187500000
10452.034179687500
11618.493164062500
15098.209960937500
10663.427734375000
13180.134765625000
9098.487304687500
17097.908203125000
10646.733398437500
24587.525390625000
8923.898437500000
10160.211914062500
13275.490234375000
8779.950195312500
70453.703125000000
18771.968750000000
12994.093750000000
12090.952148437500
11609.863281250000
12115.174804687500
8137.042968750000
9474.415039062500
26438.042968750000
10824.399414062500
8448.625000000000
9276.663085937500
8456.687500000000
9330.830078125000
9746.085937500000
13134.168945312500
9854.728515625000
12531.682617187500
12895.357421875000
7508.191406250000
75488.460937500000
7199.012695312500
9586.985351562500
8960.096679687500
5855.355468750000
10447.761718750000
10684.393554687500
10039.323242187500
9997.811523437500
11218.728515625000
9870.017578125000
9464.828125000000
8502.324218750000
11833.878906250000
15395.080078125000
8533.162109375000
11944.556640625000
