-0.823116421700
72.262496948242
71.970031738281
65.833320617676
48.872386932373
11.865888595581
2.349106311798
-42.177127838135
-476.538909912109
-28.065406799316
-34.735889434814
162.058349609375
-30.178262710571
-54.461318969727
117.609115600586
6.483323574066
73.918235778809
105.230400085449
116.786148071289
103.072563171387
4.397365093231
171.994766235352
-20.762189865112
57.073612213135
97.966438293457
102.520042419434
2.791772842407
-46.442527770996
81.247161865234
93.077896118164
78.973861694336
27.827898025513
93.914329528809
140.737472534180
-13.072827339172
54.489788055420
-28.293334960938
-65.580978393555
102.879631042480
-12.154736518860
76.913414001465
-145.904312133789
23.966142654419
42.777870178223
62.561901092529
72.678413391113
0.551506638527
145.180145263672
-39.938457489014
21.590469360352
-77.811614990234
24.438146591187
-20.882543563843
-37.933967590332
27.913343429565
6.266911983490
5.494347572327
62.512783050537
27.988470077515
-3.737211227417
28.581680297852
-59.980407714844
3.778325319290
32.499385833740
-314.744781494141
47.510280609131
59.554382324219
118.592132568359
88.360183715820
-42.609115600586
54.337730407715
-69.041542053223
61.087547302246
41.120201110840
9.440519332886
168.767105102539
112.696601867676
29.586370468140
127.803260803223
87.516227722168
-76.718215942383
141.950469970703
-83.513977050781
1.717685222626
77.907814025879
67.725669860840
94.513687133789
15.007225036621
85.402435302734
74.528556823730
-51.842449188232
19.421794891357
14.637115478516
109.916206359863
171.538726806641
46.896743774414
-3.883478641510
101.182884216309
-110.090034484863
2.113169908524
116.500640869141
112.564552307129
-1.156605839729
32.727863311768
37.232086181641
92.702224731445
50.405155181885
152.300872802734
-78.610794067383
0.204796224833
47.098083496094
13.433847427368
152.668212890625
-5.446951866150
-16.444353103638
208.659210205078
92.732879638672
40.550628662109
58.741775512695
194.268707275391
90.032478332520
62.690181732178
-30.035259246826
84.622795104980
91.606269836426
38.443599700928
52.387046813965
65.092582702637
52.300106048584
84.765953063965
10.120941162109
40.937171936035
19.190723419189
-50.699810028076
23.363557815552
25.432008743286
152.129074096680
-50.377624511719
122.351119995117
10.750977516174
-81.397354125977
146.341735839844
-22.236749649048
-182.324172973633
37.610496520996
55.334053039551
125.760162353516
4.415387630463
67.629966735840
45.485485076904
61.169250488281
21.114522933960
-34.874206542969
54.685142517090
80.667999267578
95.741256713867
87.253547668457
180.837356567383
104.330833435059
115.854148864746
22.622367858887
80.371604919434
-40.381637573242
80.718147277832
-21.187370300293
0.656437754631
37.028507232666
25.941686630249
119.899108886719
48.518096923828
-40.379196166992
-15.814874649048
110.457336425781
-135.672454833984
-39.208267211914
92.415573120117
10.729703903198
11.967944145203
52.763183593750
-43.933254241943
62.645336151123
66.960975646973
87.405967712402
28.754985809326
108.499725341797
-62.454490661621
279.052093505859
57.632381439209
132.156402587891
-16.848358154297
71.980018615723
94.881355285645
-0.438146770000
10.418970108032
-44.510025024414
66.617340087891
-253.320404052734
57.464897155762
2.081086635590
-66.761833190918
189.180053710938
111.548149108887
6.602916717529
84.390136718750
129.288513183594
169.767776489258
34.257514953613
17.600093841553
58.891563415527
-28.633821487427
122.090637207031
62.946941375732
135.685974121094
147.098495483398
-29.200994491577
81.058509826660
103.957931518555
52.901691436768
43.270671844482
34.628067016602
43.145389556885
62.847095489502
-25.921211242676
51.279975891113
86.913581848145
133.124099731445
4.919547080994
34.290996551514
71.202186584473
-6.822363376617
-26.167219161987
69.670562744141
66.910705566406
1.362245917320
18.509767532349
-261.543334960938
-24.292211532593
-202.140487670898
166.442703247070
142.421051025391
130.578277587891
7.220640182495
107.395210266113
-321.972229003906
-100.130226135254
19.979885101318
49.928108215332
153.686706542969
74.991622924805
97.114418029785
-8.088266372681
83.243553161621
153.666824340820
121.022468566895
171.456420898438
-232.517410278320
4.608378887177
-170.315673828125
-20.175004959106
65.403884887695
57.897312164307
64.152572631836
-301.855865478516
-62.538589477539
88.151565551758
-14.640894889832
-61.101203918457
61.142509460449
10.775642395020
-13.867710113525
69.715721130371
-120.385917663574
89.049903869629
68.767837524414
-173.302917480469
67.443939208984
40.726840972900
124.822044372559
77.056472778320
0.887796342373
106.957901000977
127.078330993652
42.198928833008
55.742694854736
-21.652006149292
47.722412109375
-379.025726318359
-156.182434082031
70.410568237305
106.354812622070
191.601226806641
158.162841796875
-18.451131820679
25.553260803223
-5.612399578094
122.092079162598
80.567031860352
96.526695251465
115.975013732910
32.642234802246
-86.981849670410
2.306036710739
-109.624259948730
8.970793724060
168.122741699219
-76.954269409180
108.214340209961
-12.659311294556
94.795043945312
-26.269622802734
-40.235847473145
49.292476654053
54.347499847412
122.062530517578
-15.493575096130
209.402694702148
49.111064910889
81.386390686035
157.499969482422
16.528785705566
12.963617324829
69.938148498535
85.748931884766
68.229827880859
115.152076721191
144.601959228516
-103.476013183594
124.458694458008
-35.325656890869
117.989631652832
30.073053359985
21.935630798340
25.055383682251
-53.351520538330
63.458225250244
132.678436279297
57.145820617676
7.162876605988
54.838905334473
-89.859100341797
143.318954467773
112.873313903809
59.634162902832
-35.487800598145
42.409706115723
-16.760879516602
219.611755371094
28.463134765625
39.416217803955
140.546646118164
42.975711822510
94.482925415039
88.332656860352
90.341308593750
189.668975830078
91.420974731445
15.740288734436
241.070266723633
113.993766784668
42.053554534912
-30.208158493042
113.579170227051
-10.223072052002
106.892631530762
-67.650871276855
23.237621307373
-73.871582031250
121.330795288086
-187.784683227539
-16.606111526489
31.460680007935
33.787967681885
62.245082855225
52.652442932129
70.856193542480
-5.545867443085
102.434494018555
-4.378994941711
94.822601318359
-57.910415649414
78.785598754883
-9.372668266296
78.049407958984
80.946273803711
172.173370361328
83.064933776855
53.046680450439
38.143810272217
-30.673755645752
104.401115417480
-2.549577951431
59.748142242432
17.767498016357
-20.144378662109
-111.286804199219
-18.981956481934
23.672269821167
41.750652313232
-139.245162963867
145.896347045898
-4.300400257111
52.507640838623
-67.496322631836
41.680309295654
79.003318786621
-82.419349670410
117.366210937500
6.493686676025
-6.679826259613
68.411926269531
-32.156105041504
47.596958160400
0.292486250401
185.748870849609
13.490078926086
35.455753326416
1.387883067131
171.807617187500
-42.805065155029
-8.876789093018
55.204101562500
51.216178894043
119.790092468262
1.674107909203
81.202697753906
51.103870391846
-41.389347076416
-21.037742614746
195.443771362305
-42.625968933105
12.578544616699
-155.233642578125
83.780303955078
-45.035190582275
1.564707040787
16.526285171509
-53.164379119873
81.811401367188
-88.397811889648
130.343917846680
19.551210403442
90.627723693848
-92.560012817383
103.877632141113
15.057909965515
137.172378540039
-460.865722656250
63.495815277100
38.269962310791
-9.139854431152
22.294929504395
12.941786766052
-40.544822692871
-4.368805885315
-204.904342651367
-33.514759063721
107.491256713867
-23.228557586670
57.375717163086
-188.788024902344
-219.912338256836
25.050321578979
173.636932373047
94.791709899902
-30.699180603027
63.841075897217
-17.060560226440
119.867256164551
145.146408081055
15.428672790527
-10.804990768433
46.621017456055
149.980773925781
58.128303527832
44.890651702881
-201.832565307617
19.606420516968
71.646583557129
168.180725097656
92.752403259277
102.635337829590
-12.927765846252
50.347835540771
-174.368331909180
43.962951660156
192.086593627930
51.039581298828
81.711448669434
89.249725341797
70.578102111816
86.087791442871
33.538230895996
19.406978607178
50.086215972900
14.766012191772
-252.006347656250
130.460617065430
78.947517395020
66.727210998535
-1.864957809448
57.659954071045
107.723686218262
98.250862121582
-83.801986694336
104.971023559570
-23.877296447754
25.421003341675
17.643339157104
19.805988311768
-3.338663578033
63.070999145508
83.229118347168
