-0.502872049809
-1.736709117889
-1.001168251038
-1.538260936737
-1.221073865891
-0.242725566030
-1.632874965668
-1.699632167816
-1.535968661308
-1.153527140617
-1.091373562813
-1.252294063568
0.426100105047
2.037907838821
-0.999651253223
-0.876749098301
1.160408258438
0.303780317307
-1.695127487183
-1.116388797760
-1.206109404564
-0.979952275753
1.840594887733
1.469780683517
2.821984767914
-0.427363067865
1.343163967133
-1.738082766533
-1.373577117920
1.262011170387
-0.968130469322
0.406098276377
-1.134858846664
-2.669734239578
-0.450630307198
-1.130006551743
-3.005529403687
-1.016462802887
-2.467294454575
-1.469714760780
0.393069893122
-0.580120801926
-1.575960993767
-1.063114762306
1.137977600098
1.237595558167
-0.241816639900
0.819094598293
-0.518316864967
-1.244092464447
-0.954626500607
-1.449239492416
-0.616241157055
-1.352094173431
1.148192763329
0.921256422997
-1.233735918999
-0.408029109240
0.581509947777
0.319612443447
-0.957897067070
1.052386403084
0.710930764675
0.502314865589
0.423602372408
-1.664978504181
1.425198197365
-0.921012222767
0.947134494781
-1.772724032402
1.668053984642
0.856219649315
0.790474712849
2.033428907394
1.955087900162
-1.025059342384
-1.849334478378
-1.488655328751
1.777691364288
-1.957659244537
0.521764099598
-2.137692451477
0.137259468436
1.427718639374
0.616679549217
1.432413816452
1.395201206207
-1.515812397003
-1.150100231171
-0.362964332104
0.935356855392
-1.724824786186
-0.024976812303
1.250392794609
0.327404379845
-1.094138383865
1.060013413429
1.242432236671
-0.547343075275
0.043054159731
-1.181212306023
1.115560054779
0.984884798527
1.648844003677
1.534303545952
1.138347387314
1.814708590508
1.764002084732
-0.849633693695
-0.018935695291
0.868125438690
1.323394060135
0.724212586880
1.183522820473
-0.806128501892
0.443349659443
1.144698739052
-0.754459142685
-0.953133285046
0.674559712410
-1.455724120140
-0.741077244282
1.488891720772
1.105519413948
0.785462677479
1.049863219261
0.974419474602
0.798581838608
0.989711999893
-1.296791672707
1.428049564362
0.736766874790
1.027172803879
1.165210008621
-1.955152273178
-0.517319202423
-0.933121860027
1.161443352699
-1.040304541588
-1.809855699539
1.453164935112
-0.647680401802
-0.285407245159
-1.647612094879
0.150572955608
1.337031006813
0.975890755653
-0.799097239971
-1.407403826714
-0.763772428036
-0.872629046440
-0.257596284151
0.582192122936
-1.018464803696
0.506351470947
-1.065533518791
-1.068737387657
0.999103069305
-0.395612746477
0.753009676933
-0.407952040434
-0.399079859257
-0.542131721973
0.986978471279
-1.704217791557
0.943877756596
1.094281077385
-0.065114766359
-1.636765003204
1.462396025658
-1.292534947395
-0.903003215790
-1.347265124321
-1.150182366371
0.984375298023
-0.976800978184
2.037963151932
-0.479446887970
0.775249063969
1.930753946304
-0.933266699314
-0.912463188171
-1.076248049736
-1.277065634727
0.737991273403
-1.831947922707
0.793436229229
0.893651306629
-1.401420235634
1.524079561234
-1.040892481804
-1.151309609413
0.572299718857
1.511238336563
-1.282037973404
-1.362151622772
0.813614845276
-0.004726567771
-0.998773396015
-0.389121681452
1.189342498779
-1.270649313927
1.303994536400
-1.375110387802
-0.538541316986
-0.630250275135
1.114512324333
0.848903954029
-1.341074824333
0.592636525631
-0.196439310908
-1.319594383240
-1.028207778931
-1.045062541962
1.473071932793
-1.450016856194
0.974555373192
1.235415220261
0.695277690887
-5.648353099823
-2.583912611008
-0.596764326096
-0.265329688787
1.057312011719
1.663543820381
1.759698152542
-1.303698420525
0.556392550468
-1.283100008965
-1.307196974754
-1.643491744995
0.276945352554
0.905138909817
0.499302238226
-0.329279720783
-1.661491632462
0.519215524197
1.091241598129
0.888005077839
-1.018809318542
-1.270374298096
1.692114233971
1.228998422623
2.204582214355
-1.757124662399
-0.900957822800
1.677367925644
1.351833820343
1.398226261139
-0.027237057686
-1.069885253906
0.607844591141
0.689560294151
0.815181076527
-0.219266861677
-1.414798974991
0.101841025054
1.629887461662
-0.897299885750
1.480270743370
0.972813487053
-1.822499394417
1.214588642120
-1.150472044945
-1.443109869957
1.534355759621
1.118783593178
-1.455221652985
1.672172307968
1.225768685341
1.170614957809
-3.877744197845
-0.922813713551
1.019738078117
-2.125120162964
1.072715401649
1.074698328972
1.181458711624
-0.995758414268
-1.070048332214
0.521877229214
-1.800669908524
1.699681162834
-0.381964832544
-0.819961845875
-0.209496676922
4.849233627319
-0.382679581642
-2.089591026306
-1.000249743462
-1.699954748154
-1.490979075432
-1.138289690018
-0.933491230011
1.605270147324
-1.778378009796
-1.039577603340
1.653790235519
0.755376815796
0.622684001923
-1.519054412842
1.622929930687
-0.480481296778
1.254124164581
1.880962491035
1.196065187454
-1.071410536766
1.015521764755
-0.585293650627
1.180714726448
-0.060106545687
-1.029963493347
0.884470999241
0.886271297932
1.064719080925
-1.324326038361
1.600633382797
0.677924036980
1.654334425926
0.628779709339
-1.641429662704
1.781322240829
0.679328083992
1.836160302162
-1.466388225555
1.022707462311
-0.352320313454
-2.298132181168
0.681160688400
-1.793113827705
-0.482321977615
1.654983520508
-1.297517895699
-0.615020811558
-1.935855269432
-1.046408891678
1.163842916489
-0.002398380544
0.320294708014
-1.671510815620
-2.328261852264
0.155188664794
0.940991342068
-1.087487816811
0.593907892704
-1.410452127457
0.301312863827
0.550422549248
-0.554044783115
-0.968053996563
-1.340779423714
-1.890167355537
-2.326867341995
-0.785843670368
0.197233706713
-1.431501388550
1.828112959862
1.872042417526
-1.469831943512
-0.602146863937
-0.896378338337
0.595413625240
-1.926121473312
2.159998893738
1.367857933044
-0.675764083862
-0.964844286442
0.650428831577
-1.309281468391
1.687355279922
1.846876621246
0.968620717525
0.058798540384
-0.951065003872
-1.773802161217
-0.188231587410
-0.514066755772
-1.320564746857
-0.974284291267
5.973698139191
-0.989913582802
1.386204004288
1.784219861031
-1.026100039482
-1.061439275742
0.750583350658
0.245544150472
-0.849771440029
0.961496233940
0.863730013371
0.723660528660
1.684979915619
0.385983109474
0.916841804981
-1.043656826019
1.042603254318
1.837568879128
1.721537470818
1.916036486626
1.259346485138
0.397776424885
1.104878306389
-1.849380731583
-1.264510750771
1.438558459282
0.941334545612
0.062620647252
-0.752939343452
-1.220006585121
0.491252154112
0.981198072433
0.860124945641
-1.054374575615
-0.604244649410
-1.168012380600
1.947195053101
1.492279767990
-0.875724971294
0.875227272511
-1.359962105751
-0.890805363655
0.724586665630
1.389852881432
-0.974227845669
2.031596422195
-1.196606040001
-1.297786474228
-0.642422020435
1.038394570351
-1.398470044136
1.998713731766
-1.617868900299
-1.476617932320
-0.300570726395
-1.184481024742
0.954793334007
-3.185277700424
-0.735217988491
-1.226252794266
1.720595836639
0.569543957710
-1.141617774963
0.939170658588
-1.968700408936
1.030278563499
-0.930435299873
-0.803759276867
-0.764581263065
0.227651789784
0.914645850658
-1.918982505798
-0.897733271122
0.492046803236
1.456164121628
-1.260845780373
-1.300406932831
-0.953020036221
1.970060586929
1.827053427696
0.340562760830
1.073809266090
-1.653413772583
1.036676049232
0.604171991348
1.186319947243
-0.888729512691
1.407186269760
1.007992267609
-0.726311445236
-1.388708710670
0.001519205747
-1.045303463936
-1.047231316566
-1.362898945808
1.210933327675
-2.003587722778
1.086066842079
0.668630361557
1.151546001434
-0.484037458897
1.315641999245
0.518585145473
1.494200110435
0.006019779947
0.556378722191
1.240351915359
-1.658755779266
1.141285538673
-0.986382186413
1.165447115898
1.571267962456
0.971294641495
0.616775631905
-1.725221157074
1.897283077240
-0.893548250198
-0.926475942135
-1.089584469795
1.064141869545
-0.946593165398
0.898113310337
-0.769306063652
0.930621802807
2.012894868851
1.072781801224
-2.075238466263
1.915784358978
-0.952697992325
-1.463537454605
0.816821813583
1.050556778908
1.217303156853
0.447235077620
1.071674466133
-0.785260081291
-0.349945276976
-1.738064408302
0.681474566460
-0.252382457256
1.201587796211
0.985930740833
-0.810815393925
-0.962930619717
0.592716991901
-1.168448090553
-0.206837549806
-1.319530844688
-0.873567104340
1.815181851387
-0.943042159081
1.302463769913
1.329002141953
0.464499950409
-1.774235010147
-0.834121286869
-0.920142531395
0.825264215469
1.186479330063
-1.860203862190
-1.050415039062
-0.337016373873
-0.638837635517
-0.348580777645
1.988985896111
-1.487496018410
-0.058766156435
-0.889987528324
1.079113125801
-1.901662468910
-0.704067170620
0.994314730167
2.230442523956
2.114320755005
-1.887825846672
0.966391742229
0.342509657145
0.097114399076
-0.494480520487
0.169254943728
-1.648740530014
1.492698788643
1.028717398643
-0.020484160632
-1.159042119980
-0.464149206877
-1.359984397888
1.485583901405
-1.555870532990
-1.162223339081
-0.059456538409
1.670808792114
-0.732735514641
-1.621106982231
-1.603356122971
0.560664236546
0.770569562912
1.175609946251
0.726615071297
0.464502364397
1.191292047501
-0.597003996372
1.830734372139
-0.949216544628
-1.142284750938
-0.333902120590
-0.656828880310
0.850464165211
-1.903464078903
-1.214688658714
-1.773754835129
1.630725860596
1.095619916916
0.819049596786
2.155344009399
-0.282582610846
0.918046295643
-0.521598398685
-0.805377602577
-0.738544046879
1.864645123482
-0.852056860924
0.565928399563
-1.278043985367
-0.869927942753
0.535285294056
1.320611357689
5.794594764709
1.060409069061
-1.349488139153
-1.037500381470
-0.497022032738
-1.268250346184
2.229375123978
-0.104463778436
-0.569588541985
-1.858798265457
-1.925789475441
0.206367045641
-2.008768320084
-0.957134902477
0.201781347394
-1.073544263840
2.329384803772
-1.547076582909
2.086688518524
1.691416382790
2.008312225342
1.139833569527
0.589711189270
-1.591944217682
-1.089636564255
-0.574188590050
0.957902252674
0.651055872440
-1.981490612030
0.923285186291
0.829379975796
1.115679979324
-1.010765194893
-0.791193544865
1.492791891098
1.281755089760
0.828829407692
-1.702603578568
1.439305424690
-1.054385423660
-1.706180095673
0.758837521076
-0.998736619949
2.114270448685
-1.323727011681
-1.284304976463
-0.712665736675
-0.913885116577
-0.616731941700
0.037230659276
1.050463199615
-0.484633296728
1.201363682747
-1.051673650742
-1.437452673912
0.943306386471
1.594725489616
0.180348038673
-1.105260133743
-0.239088997245
-1.501055717468
1.836343288422
2.855921983719
0.720117032528
-1.247939109802
-0.326605141163
0.367194414139
1.890177130699
0.593711614609
1.525016546249
1.563229680061
0.531743764877
0.845747113228
0.952307641506
-1.663867831230
1.291163563728
-0.976070404053
-1.675131678581
1.270860791206
2.812309265137
1.044651150703
1.300888538361
-0.098817117512
-1.143317937851
0.606550037861
0.837393701077
-0.977889537811
0.845487356186
0.834365189075
0.917884111404
-1.627463102341
-1.011830806732
1.200418233871
1.196039795876
0.958385825157
-1.618529677391
-1.118005394936
-0.002534953644
-1.382980108261
1.101123094559
0.947694718838
1.605047702789
0.496630847454
1.396493554115
1.310837745667
6.762887001038
0.955569148064
-1.162869811058
1.253664970398
-0.328350514174
-0.488937497139
1.358614087105
-0.872516274452
-0.291914433241
1.000696659088
0.968136608601
0.851902425289
-0.990320503712
-0.743350684643
1.310701966286
-0.641948521137
-0.588072955608
2.446716308594
2.262672901154
1.033729910851
0.829386115074
0.139392927289
0.065209962428
-0.150249019265
-0.673446118832
-1.034087538719
0.402339398861
-0.541270136833
1.202741146088
-1.389899611473
0.499071806669
0.072878412902
1.964732766151
1.056306838989
1.366247296333
-1.185959100723
-1.716825962067
0.589808166027
-2.322284936905
0.883641302586
-0.789162218571
1.588466048241
-2.029068470001
1.161458849907
1.865477442741
0.497047543526
1.185235261917
-1.108613967896
-0.068700939417
-1.067775249481
-1.910592198372
1.070368289948
-0.280527502298
1.677824497223
-1.198124170303
-1.184125185013
1.285091638565
1.131790757179
-1.103230953217
0.555011749268
-0.349400401115
0.978469014168
0.413412570953
-0.142995029688
-0.551982700825
1.028432846069
0.774971067905
0.827904701233
0.696805477142
2.010324716568
0.474244564772
-0.692662835121
-0.214633285999
-0.760940968990
-0.353743284941
0.932261586189
-0.994310677052
0.913806021214
1.627993106842
0.028478110209
-1.281888127327
-1.615064263344
1.030623435974
2.210021972656
1.985393285751
-1.037413716316
-2.090894222260
-1.037870526314
0.946637928486
-0.625167369843
-0.052018359303
-1.117899894714
-2.068191528320
-0.715729475021
-1.320909500122
-1.044712543488
-1.359046101570
-0.695105314255
1.227076411247
1.833368897438
-1.119807958603
-1.123475551605
0.883195579052
0.902887940407
-0.994650900364
0.377736508846
0.971861004829
1.785007953644
-1.054708480835
-0.644702434540
-1.778592348099
-0.963715374470
-0.888996958733
-0.644333720207
-0.763727545738
0.891138792038
0.617304682732
0.985965192318
-1.457541227341
0.078556954861
-1.017007946968
-1.324141621590
-0.695175647736
1.698772072792
0.942609965801
-1.018229722977
1.034548521042
-1.883698940277
-0.864248096943
-1.905309319496
-1.564300298691
-1.475727558136
1.042679548264
2.996114730835
1.485022783279
-0.846362829208
-0.852697968483
0.963547527790
-0.120139047503
1.014467835426
0.953209519386
-1.162128806114
-0.818439722061
1.034876108170
1.251874327660
-0.309691786766
-2.597814083099
1.060956001282
-1.337522387505
-1.900531172752
-1.151829838753
-0.528775334358
1.448106884956
-1.057924151421
-1.073128342628
1.838038086891
1.476611495018
1.061726808548
-1.273738145828
-1.062991142273
0.507301747799
-0.481965839863
1.569839954376
-0.356467455626
-0.990458667278
-1.610606074333
1.324797630310
1.098332047462
-0.738771378994
-1.176943182945
1.297045707703
0.232802525163
-1.468153953552
1.112343788147
-0.598668515682
-1.579365372658
1.048809528351
-1.427651524544
1.408325076103
-1.024510741234
-2.124245643616
-1.685915708542
-1.478503823280
-2.171745777130
-1.271456718445
1.095434904099
1.181941509247
-1.312011122704
2.164079189301
1.556806445122
-1.524193525314
1.304308414459
0.499010890722
-0.230053842068
1.513941168785
-1.984853386879
-1.021710157394
-2.041912794113
1.018705368042
-0.069797001779
-0.538796961308
-0.588241696358
1.251067280769
-1.572663903236
1.439727544785
1.407267332077
1.136441826820
1.436098337173
0.035890575498
-0.765680611134
-1.453778386116
1.490754127502
0.768156945705
-2.114410161972
-1.677563667297
0.292136251926
0.735048890114
1.189588427544
-1.417308568954
0.815679311752
-1.670117020607
-1.114722609520
0.948045372963
-0.907804250717
0.896259009838
0.734587788582
-1.592073798180
-1.746764063835
1.041205048561
-0.593032419682
0.548906683922
-0.521875798702
0.780590176582
0.906617939472
1.402338385582
-0.281569749117
-0.485731780529
-0.536886632442
-0.883339464664
-1.723568201065
-0.504927575588
-0.919168233871
-1.299227237701
0.144684627652
1.005806326866
0.350376069546
1.073865413666
1.314370632172
1.884067416191
0.662580251694
-1.091759443283
-2.519744873047
0.512410819530
-1.512389421463
-1.052373290062
-1.459711909294
0.543112277985
-1.265191912651
0.608429789543
-0.615637600422
1.529770255089
-1.284824132919
1.274919033051
0.968516111374
1.810445666313
1.237212181091
0.732763826847
-1.395334362984
1.054052710533
-0.566111683846
-0.434321075678
0.608767628670
-1.306470632553
-0.995524942875
0.979564666748
1.164302229881
-1.845354557037
-1.162719130516
-1.630687832832
-0.599151730537
0.817058861256
1.669624090195
-1.926262140274
1.621693372726
-0.388574689627
0.775040090084
-2.102798461914
-1.268609046936
-1.048910021782
2.291333675385
0.663482487202
1.748499870300
1.337702631950
0.978894293308
-1.375647544861
1.706975221634
0.200818076730
0.814974129200
-0.980168223381
0.042226288468
0.753387212753
1.031602740288
1.097444295883
-1.898587107658
0.789885163307
-1.559882044792
0.468726485968
1.719735860825
-1.521304965019
1.007680654526
1.573954224586
0.765890538692
1.168778300285
