1.192344307899
3.257531642914
0.656332135201
4.266386508942
4.485523223877
4.960060596466
2.746942996979
2.814774036407
3.768286705017
2.136049509048
-0.649134397507
3.997176170349
3.668196678162
1.622954607010
0.606659650803
4.453115463257
-0.556951463223
3.837638854980
3.052089929581
0.637729644775
2.642958164215
0.530651986599
2.787009239197
3.130036592484
1.049015283585
5.251298904419
3.529733896255
2.589243173599
3.210200786591
5.151804924011
0.600388169289
4.322510719299
3.671402931213
1.461893796921
4.413241386414
3.142511129379
1.051273584366
2.371397733688
-0.892715573311
1.185481071472
3.877445220947
0.760323047638
3.966034412384
0.578590989113
3.813273906708
3.470364570618
5.281667709351
0.937803149223
4.309430599213
3.854890584946
3.607439279556
4.474174499512
0.663172423840
3.886142253876
0.638587236404
4.004665851593
0.640780985355
3.079362630844
5.028930664062
2.057564496994
0.562257468700
3.994250297546
1.298865675926
5.654665946960
3.379561662674
1.273180246353
5.272607326508
0.567607164383
0.556689620018
3.055009841919
3.698794126511
3.271611452103
1.405077695847
0.833261847496
3.738643169403
2.114129304886
3.570889711380
3.939817905426
3.129649162292
3.520305871964
0.788743734360
3.954383134842
5.646708965302
4.239722728729
4.483416557312
3.007220745087
3.912125110626
2.597350597382
4.137980937958
4.397415637970
0.457344800234
0.898719549179
4.574354648590
4.500367164612
4.932104110718
4.220057487488
0.590233206749
3.789875507355
4.804551124573
3.804370403290
3.730639934540
3.718315124512
3.131601333618
1.043239474297
1.219887495041
3.948040246964
3.651057720184
5.860805034637
1.563427686691
4.084546566010
5.149948596954
3.703950166702
1.974867463112
4.331536293030
3.629577159882
1.148879170418
2.942487955093
3.596036911011
4.347353458405
0.735483407974
4.242327690125
4.412225723267
3.775657415390
3.111996412277
2.072186708450
3.732808589935
3.738859415054
1.545453667641
4.005603313446
2.736204147339
3.699003696442
4.187042713165
2.161264181137
0.764873325825
1.364008069038
0.819406390190
1.835061669350
0.644299924374
3.696656465530
5.495880126953
3.166883468628
0.841654956341
4.920733928680
3.793972969055
5.475943088531
3.506879091263
0.553093492985
3.379511117935
1.084804654121
5.756890296936
4.190652370453
4.809645652771
0.786230683327
5.042577743530
0.941212892532
0.675837993622
0.653855502605
3.792414665222
5.203507900238
3.957647323608
4.364404201508
4.719277381897
5.229549884796
0.596860885620
1.142098784447
5.420698165894
0.645162880421
4.123262405396
2.906327962875
2.945538043976
5.829439163208
1.058045983315
3.499730348587
3.843982458115
2.341096162796
2.619508981705
4.053177833557
0.857649207115
1.800157189369
1.167515873909
3.431399106979
1.078178286552
1.363973379135
0.886409878731
0.678854882717
3.378035783768
1.383725285530
0.556858003139
3.551278352737
3.748584270477
3.859741449356
4.430946826935
5.080728054047
2.976020812988
3.531890869141
3.795733690262
4.067779541016
4.012467861176
0.596080183983
3.494806766510
4.335558414459
1.707597732544
2.868937969208
2.768451690674
0.785861730576
0.904462158680
7.631561756134
4.591459751129
2.946234464645
0.749020338058
5.001139640808
3.819702863693
2.101364850998
0.597315371037
3.487002372742
3.102592229843
4.170396804810
3.600486040115
3.004088163376
1.984375715256
1.065297007561
0.715969920158
3.931814670563
3.266032457352
2.859793901443
2.943580865860
3.885157823563
0.818816542625
0.741071999073
3.927331447601
1.288831830025
2.899090051651
1.245949268341
3.734267234802
5.173610687256
5.505255699158
3.678697109222
1.085793018341
1.760988354683
0.565152466297
3.555603504181
2.924414634705
3.265462398529
3.463656902313
2.982414245605
-0.442426115274
1.102497458458
3.704425096512
4.373182773590
5.240074157715
3.013593912125
1.360448837280
0.698189318180
1.065032720566
5.075110912323
4.182430267334
7.242698192596
2.286920309067
0.710235655308
1.961691975594
4.341895580292
2.813991308212
1.485587000847
3.400660514832
3.402776002884
2.667467355728
4.008179664612
3.473924636841
2.897087574005
0.650989592075
7.443915843964
1.346424818039
0.599517822266
0.646162986755
3.195305585861
0.619786024094
0.572479128838
2.257237434387
4.470495700836
0.632069587708
2.705917835236
1.281039118767
1.077904343605
1.082552075386
3.497776031494
3.939350128174
1.626082539558
3.870358228683
2.267787218094
0.652369618416
2.983892679214
3.158789873123
0.858209133148
3.881812095642
2.532896757126
2.050631761551
0.649937987328
0.931205987930
4.452445507050
3.237882852554
3.697274923325
3.367673635483
5.707701206207
0.656668484211
3.259001255035
3.667482376099
3.862864255905
0.617062985897
4.708955764771
1.462468743324
7.378519535065
0.846555113792
1.047858357430
4.556782245636
0.641248822212
2.453609466553
3.195062637329
0.808532834053
3.363554477692
0.802977800369
2.777492523193
3.992545127869
4.849714279175
2.414452314377
3.654356479645
3.871187686920
5.076682090759
3.662023544312
4.727707386017
3.399802684784
5.100720405579
3.464825153351
3.840301275253
0.712825953960
3.234248161316
3.999749422073
4.509012222290
4.483886718750
2.551466464996
3.794357776642
1.088127255440
4.576812267303
0.623205959797
3.345846414566
2.798423767090
4.267607688904
4.035049915314
1.100855231285
0.794159412384
0.635659575462
3.475341081619
-0.757692813873
3.840024709702
3.978517055511
3.878087997437
3.948175191879
1.348007082939
1.143217563629
3.872674942017
4.816033840179
-0.535983979702
4.347515106201
3.319000959396
1.224236488342
3.473715305328
1.320873498917
0.572979986668
5.753378868103
3.621279239655
1.071340918541
2.928248405457
4.537036418915
3.123230457306
0.563888728619
1.134258151054
4.368049621582
4.457297325134
3.450296878815
3.248182773590
2.032685756683
0.587346494198
0.952713549137
3.380325794220
0.654448628426
2.309131383896
3.857319355011
1.547728300095
2.185645580292
4.413702964783
4.162477970123
5.465945243835
2.982771635056
3.343573331833
0.891711592674
0.615935087204
0.670934557915
1.288033962250
2.768809318542
2.289818048477
4.383047103882
4.559801578522
3.376936912537
2.772354841232
4.375064373016
3.295157670975
1.574279308319
3.433690071106
4.444613456726
4.191115856171
1.313844799995
1.401635289192
3.574449539185
0.652878522873
0.722402513027
2.838907003403
2.866643428802
3.317211866379
3.611789464951
4.790729522705
0.929845511913
4.179133892059
3.634994745255
3.885776042938
3.899482965469
3.180209398270
1.624851107597
3.318236589432
5.826285362244
0.618375837803
2.818814277649
2.955174446106
1.050429701805
4.575898647308
3.575798511505
4.171383380890
0.555558800697
1.343931555748
1.227145552635
3.772294044495
3.004210948944
0.708535254002
4.129773616791
4.338474750519
1.893934369087
3.604298591614
0.813488721848
0.821712017059
1.120200634003
4.569988250732
0.630859851837
1.202736854553
-0.435982912779
1.257582068443
3.650557994843
0.874022603035
1.071296811104
-0.572719752789
3.401021718979
3.376906871796
1.902146935463
0.580671310425
1.090368270874
0.678036928177
1.303448319435
0.571340382099
3.646308898926
2.821249485016
3.962194919586
5.157419204712
0.930144906044
3.794031381607
0.625667452812
0.598509490490
4.231062412262
1.520465135574
1.288597106934
3.871479272842
4.879802703857
0.647992491722
4.874054431915
0.927853822708
5.065550327301
3.256390094757
5.380183219910
0.778694570065
3.302169799805
1.070936560631
3.970016956329
0.566433310509
0.618923127651
3.023062705994
-0.563481688499
3.118476867676
3.062159299850
3.307091474533
4.283339500427
3.765882015228
0.606161057949
0.624840676785
-0.564435780048
2.032670736313
2.047778844833
0.629126489162
1.155636072159
3.483438730240
2.752370119095
3.689882516861
3.434253454208
4.067935943604
0.907263278961
0.587040305138
0.674386024475
1.070252895355
0.578801929951
4.422892570496
4.304771900177
2.820406675339
5.244505405426
4.098509311676
3.900408029556
2.296480655670
2.350123405457
0.612235605717
4.136877059937
3.843791484833
6.107707977295
3.987868785858
3.810353994370
4.409401893616
2.065203428268
3.000279903412
3.363352060318
4.873867988586
3.321715354919
0.970896899700
0.603800237179
3.533376455307
0.623765587807
3.513808250427
2.550586223602
4.731315612793
3.417023420334
4.801010131836
3.585990428925
3.856251716614
4.426219463348
0.489760220051
3.068314790726
3.562970638275
4.893762588501
0.558499276638
1.226383328438
3.377417564392
3.261985301971
0.603205919266
3.240474939346
4.326878547668
4.511777877808
5.217724323273
3.180437803268
3.759954929352
0.615634739399
6.082050800323
3.343709707260
4.885820865631
3.260020494461
2.436823844910
1.040849089622
0.610368669033
5.508893966675
0.770002782345
2.893045425415
3.042352199554
3.482593536377
3.834799289703
1.171225309372
3.783088207245
0.963161826134
4.744665145874
0.819678604603
3.229676485062
3.383174657822
4.823634147644
3.679073810577
4.206461429596
3.817675113678
1.418896317482
3.187494039536
2.223364114761
3.296013116837
3.096313238144
7.184919834137
1.645270586014
3.524775505066
3.322904825211
0.564583182335
0.759859204292
5.802723884583
3.583937644958
3.239190578461
4.264310359955
5.156094551086
4.202633380890
3.799334287643
1.388346552849
4.057015895844
2.071673631668
4.284091949463
3.747994899750
5.902670860291
1.881544589996
-0.634306192398
3.334357261658
4.746104240417
0.735276281834
0.823967158794
3.798485994339
4.278409004211
2.280889511108
1.626728773117
4.672413349152
0.784127712250
3.966892004013
2.753668308258
3.320874452591
3.589130401611
1.152179241180
3.497172117233
4.408164501190
4.768164634705
3.448607921600
0.803142666817
0.621557474136
0.850260615349
1.125232219696
5.570137977600
0.865461111069
3.698665618896
0.674571514130
0.525684177876
3.142386913300
1.017528891563
2.517791986465
3.012877702713
4.073247432709
3.582257032394
2.803451299667
3.846249580383
0.569014072418
1.327293395996
0.998716890812
4.222150325775
3.482606410980
-0.535027861595
1.281979203224
4.075082302094
3.656954288483
5.665563583374
3.700885295868
0.579409956932
3.427477121353
0.592874884605
2.976155996323
4.965454578400
0.618479371071
4.889126777649
3.726254940033
1.000376224518
0.992608785629
3.245315313339
0.710121512413
1.670475840569
4.215834617615
3.703074693680
3.094290018082
3.258679628372
3.761534452438
0.855066180229
0.668627917767
3.721180438995
3.139088392258
4.085862636566
1.916410803795
2.992517471313
3.269746780396
1.261304974556
0.625800669193
4.002392768860
5.284459590912
3.621010065079
0.743934571743
3.923430681229
0.608445167542
0.649506807327
1.101208806038
0.530617237091
3.898265123367
0.648012280464
0.657732307911
0.060413204134
0.549357235432
2.527828693390
4.102350234985
6.854780197144
2.872537612915
4.094845294952
0.565252184868
3.024355888367
0.910447001457
3.889009475708
4.478410720825
2.348492622375
1.070667028427
3.300384521484
2.505953788757
4.375476837158
1.274596452713
2.887081861496
1.213312387466
4.524506092072
2.855951547623
0.563696503639
-0.519230782986
0.591099143028
3.561717033386
3.760420560837
0.738846838474
4.213734149933
0.884728729725
3.888291120529
0.605884611607
4.411429405212
2.520330667496
5.270680904388
7.434522151947
6.181141853333
3.365167617798
4.965039253235
5.039550781250
0.613321185112
4.225824356079
4.152667999268
5.392097949982
3.589993953705
0.713731110096
-0.589569449425
1.833318829536
1.071499228477
0.706527531147
3.410763978958
1.487028121948
5.047299385071
4.128404617310
3.231319189072
0.614690959454
2.018454790115
4.745825767517
2.570409059525
3.916772842407
4.730235576630
0.633123278618
2.584080934525
2.982333898544
-0.198419183493
1.097484350204
0.708892703056
3.682533740997
0.901546299458
3.661457777023
0.612012088299
3.611286640167
3.987975120544
-0.557559072971
5.232573986053
3.833810806274
6.129877567291
0.611366569996
0.839303255081
3.585292339325
3.653877735138
3.125380992889
4.983951568604
4.440404415131
6.454644680023
5.533440589905
6.224514007568
0.559176027775
0.556768476963
3.565781831741
1.035995244980
7.398655891418
0.744247674942
2.806203603745
0.624760329723
1.140021562576
3.267610311508
0.605833649635
3.512226581573
0.592171490192
0.913000881672
2.643433094025
3.887782335281
0.645885169506
0.872027039528
3.847180366516
3.605707645416
0.595845162868
3.932133197784
3.200607061386
4.139801979065
2.050693511963
0.632789254189
2.434432744980
4.200377941132
4.277034282684
0.592818260193
3.616928815842
-0.559775531292
3.005885839462
4.677588939667
1.208182573318
1.147435426712
3.189585685730
0.730550110340
3.608568906784
4.488033294678
2.616127967834
0.709552288055
3.853696107864
3.345899581909
3.743952512741
0.605922758579
2.642578125000
5.490805625916
3.828237533569
5.181391239166
6.956739425659
0.790455341339
3.252056360245
0.928580880165
2.992990732193
4.633140563965
4.923776149750
0.637127578259
1.106762051582
5.276232719421
0.748902738094
-0.515051662922
0.767116606236
5.160892486572
0.597568750381
0.571739673615
2.120912313461
5.774287223816
0.643632948399
3.664428710938
4.746655464172
1.214069604874
0.628993213177
4.430327892303
1.955071806908
0.615894675255
1.047415614128
2.999573707581
0.630274116993
0.640021979809
3.208372592926
3.385597467422
0.648479878902
0.617470681667
1.688671469688
1.035412907600
1.042816519737
3.535108327866
3.346094608307
0.552896142006
3.535926103592
3.449694395065
0.606958746910
4.152112483978
2.996815919876
3.405017614365
5.091962814331
4.015970706940
4.350368499756
0.791898071766
2.588234186172
6.173912048340
3.670103311539
4.217347621918
0.630540549755
3.509973526001
2.880252361298
1.159870147705
0.897219598293
3.932749986649
3.157727241516
3.797295093536
2.053187847137
3.504849672318
3.005131721497
0.676290214062
3.222776889801
6.299026489258
4.096211910248
1.977758169174
1.145138263702
2.617073059082
2.453732252121
0.537684679031
2.372686386108
0.985996305943
0.774655222893
2.420317411423
1.017474412918
5.466549873352
3.050279140472
3.384814977646
1.586082458496
4.430081844330
4.558113574982
4.793087959290
4.157759666443
0.379241585732
2.847347736359
3.251041650772
5.827702999115
5.029177665710
3.298493146896
4.190976142883
4.822745323181
2.896779298782
0.605625808239
0.532582402229
0.539617955685
-0.486774355173
4.463249683380
1.075792431831
2.976617574692
0.602500021458
3.282048463821
0.818343341351
0.835396230221
0.519935071468
0.911700725555
2.841268062592
3.198370218277
3.046128749847
4.842330932617
5.361757278442
1.572623372078
1.347655653954
0.629615187645
4.128943443298
4.785027503967
0.646543025970
4.927299499512
4.940293788910
3.536568880081
1.088997721672
4.791997909546
3.803486108780
2.914633512497
3.738309621811
2.884217262268
0.645469486713
2.621040821075
3.817268371582
0.622694492340
0.754540503025
0.734616458416
1.972263455391
3.005683660507
1.063630700111
2.167913436890
2.422534704208
3.765711307526
3.652889728546
3.459529161453
4.269747257233
3.309006452560
3.968923330307
2.800776243210
4.582172393799
0.694473147392
3.110563278198
0.629375457764
3.171791076660
2.746715545654
2.963497400284
0.733441948891
0.843333423138
2.890534639359
1.134859204292
3.023588657379
4.880127906799
-0.685621559620
3.521799564362
3.546645164490
-0.535381197929
1.304566979408
2.891864538193
3.201163291931
3.867688655853
1.434585094452
3.147298336029
3.104223251343
4.967009544373
3.591496944427
0.575060009956
3.613627910614
1.428064703941
3.662456035614
3.887460708618
3.201446294785
3.934045791626
4.251334190369
5.449760913849
3.406772375107
4.020823955536
0.600995004177
0.978239595890
0.636896431446
3.082839012146
