57.307716369629
63.306640625000
186.050369262695
42.310504913330
-16.098297119141
-83.497505187988
24.131448745728
7.300748825073
33.740898132324
35.922725677490
-129.946029663086
-22.265092849731
7.283320903778
3.648046493530
128.957839965820
-46.536777496338
154.146347045898
-22.354391098022
13.246326446533
106.081497192383
115.507339477539
57.539455413818
-86.718803405762
-47.500114440918
-113.660995483398
0.298751682043
-18.106651306152
36.905319213867
15.789222717285
-11.762033462524
151.803756713867
-7.432545661926
20.305374145508
158.305831909180
1.975503802299
15.991002082825
133.537246704102
-19.305757522583
-116.973999023438
-57.941997528076
-68.655639648438
44.646263122559
3.926922082901
122.597618103027
-14.762157440186
39.510246276855
53.351142883301
21.162092208862
-47.006622314453
-37.884437561035
42.797042846680
-16.380393981934
-6.251690864563
26.862237930298
-93.867385864258
-3.763358831406
152.640914916992
46.389457702637
0.230477958918
-82.894805908203
114.512062072754
-11.513592720032
-46.123451232910
-6.011564254761
160.106735229492
114.785705566406
56.687728881836
125.806648254395
-136.522506713867
23.457471847534
-3.693546056747
53.991954803467
-21.134590148926
-141.150817871094
-38.677825927734
104.094360351562
24.800167083740
-13.429516792297
-49.455657958984
-72.310432434082
-30.395166397095
4.934292793274
-73.517478942871
10.690256118774
-4.477812290192
-13.785290718079
-29.735864639282
-5.546525955200
75.621398925781
12.390483856201
-91.589065551758
215.176864624023
-7.842280864716
-30.624570846558
-13.507076263428
-6.975944042206
-131.257690429688
15.083304405212
-17.276945114136
-11.700079917908
-39.098785400391
21.652486801147
30.279495239258
-56.278842926025
-35.535942077637
-46.610511779785
-8.347292900085
-22.776384353638
87.272636413574
-45.148044586182
-17.653982162476
3.034079551697
-19.451482772827
-37.528297424316
2.157671689987
-44.167934417725
53.057693481445
-19.896730422974
-66.786819458008
-26.439588546753
15.407509803772
-49.197887420654
4.114569187164
15.768181800842
33.776458740234
7.780855178833
29.077547073364
-62.449039459229
14.761407852173
-32.031902313232
-5.352776050568
-32.484012603760
-69.073486328125
-132.338134765625
-0.919965505600
40.948081970215
-0.315222829580
-171.901535034180
26.830213546753
-21.345315933228
-6.907099246979
39.151676177979
13.327878952026
0.323998451233
-40.668769836426
-2.570433139801
-167.167358398438
-50.293636322021
-20.010656356812
10.293579101562
-55.494056701660
-11.107338905334
-62.814865112305
-14.735327720642
-35.319793701172
188.826477050781
186.872940063477
61.730625152588
-43.468444824219
-0.945557594299
-24.404672622681
11.854349136353
-10.678721427917
-118.594482421875
19.218528747559
-46.042812347412
-166.802413940430
39.957775115967
23.084779739380
35.041229248047
-7.310746669769
41.561187744141
26.464008331299
13.279561042786
54.999553680420
39.139415740967
8.489544868469
22.611944198608
-14.781954765320
-95.642387390137
45.126384735107
-111.819168090820
21.847867965698
56.482490539551
-28.887605667114
10.438486099243
14.098351478577
-200.295318603516
-72.877120971680
-4.317831039429
-9.530906677246
-91.115478515625
1.588221549988
25.961591720581
34.519214630127
-28.111835479736
40.005321502686
-36.178173065186
104.200004577637
15.912473678589
-3.554066658020
46.324127197266
49.720447540283
2.494426488876
-16.183734893799
116.590881347656
-25.566972732544
-12.330182075500
-39.053886413574
-31.390043258667
-30.024063110352
-1.106821894646
12.232087135315
131.093124389648
7.710760116577
68.078582763672
-48.644001007080
28.674253463745
23.230653762817
170.970550537109
179.293136596680
48.270584106445
-22.679080963135
-43.108314514160
30.602907180786
-29.689151763916
84.889587402344
-52.302791595459
18.177009582520
-17.649129867554
49.426082611084
54.215950012207
-29.035741806030
-12.996159553528
33.110984802246
-16.867797851562
-67.841377258301
-124.706497192383
-103.450851440430
167.877227783203
9.491391181946
-35.981044769287
-3.468736886978
-28.804431915283
6.743881702423
0.294826358557
-0.074506692588
18.589624404907
48.933105468750
4.736136913300
5.279942035675
77.477096557617
0.016205361113
-13.048962593079
52.160953521729
22.371360778809
-23.541044235229
-52.398284912109
112.741653442383
-93.055328369141
0.827931582928
-0.297909677029
57.053916931152
-4.653823852539
-21.300527572632
-23.301174163818
40.874576568604
13.313877105713
2.089721202850
-177.515228271484
-36.692996978760
155.361145019531
122.385620117188
-192.954559326172
108.815528869629
-165.935287475586
-131.018127441406
40.753292083740
-52.163646697998
168.113647460938
60.434383392334
63.311676025391
-139.744583129883
69.894248962402
51.023269653320
14.135822296143
-91.733718872070
-41.343967437744
-41.489429473877
155.434036254883
7.306327819824
15.220483779907
-28.943983078003
55.726013183594
19.895360946655
-19.895645141602
177.258758544922
-14.628360748291
65.536354064941
44.086151123047
26.565797805786
-57.765148162842
34.880001068115
-174.267471313477
-72.640327453613
24.163660049438
19.297101974487
-150.254501342773
58.892108917236
-34.935882568359
1.683808922768
95.453048706055
-23.564317703247
-57.187694549561
-185.825180053711
-61.293411254883
-21.877662658691
-31.526342391968
-10.014278411865
-1.681905746460
-3.495665788651
-50.715019226074
-34.526611328125
-49.609386444092
-20.104057312012
65.402809143066
62.224224090576
13.557731628418
-16.013090133667
18.412811279297
-21.856649398804
-57.527923583984
42.274421691895
0.596105337143
41.609996795654
-3.248228549957
74.421066284180
67.420532226562
-27.238403320312
18.282485961914
188.497589111328
-26.962703704834
-122.202239990234
36.072948455811
-30.623083114624
-11.342152595520
11.008313179016
-70.016616821289
-4.115356445312
161.637710571289
-11.899828910828
-116.757347106934
39.394325256348
70.107574462891
-8.968256950378
19.898803710938
9.208946228027
-94.685699462891
18.127149581909
-65.077537536621
-137.696807861328
-1.287923693657
-2.198384523392
-157.076049804688
-23.522155761719
82.229095458984
118.359985351562
-39.272006988525
-21.861793518066
-100.175025939941
-10.905727386475
30.751913070679
-27.104360580444
103.577713012695
169.962036132812
54.755119323730
-55.293365478516
16.824991226196
-35.911312103271
-115.004325866699
138.074340820312
-111.716522216797
14.124688148499
148.200881958008
70.859565734863
67.715675354004
-35.037208557129
56.348018646240
-32.996711730957
22.810237884521
12.333960533142
2.597534656525
-14.733738899231
5.587189674377
155.493942260742
-126.439514160156
-107.806945800781
-4.144035816193
46.851024627686
-0.696624875069
-10.671262741089
30.883941650391
65.187736511230
-76.381660461426
25.740272521973
20.023908615112
41.889953613281
-5.414289474487
24.552911758423
-60.656784057617
-65.789932250977
55.247390747070
145.879180908203
26.229539871216
81.434944152832
-87.154754638672
76.311248779297
-2.458426237106
-42.468273162842
79.883239746094
-85.315299987793
31.217790603638
-43.260833740234
-18.327074050903
4.253222465515
78.145652770996
-24.703268051147
11.405691146851
-164.661849975586
35.735210418701
23.590362548828
-10.912304878235
5.631854057312
-16.218818664551
-48.100032806396
-131.604553222656
181.144912719727
116.292915344238
-28.374076843262
2.171018600464
-43.948696136475
4.017185211182
-31.869318008423
27.934238433838
4.599090576172
-91.424324035645
106.135955810547
16.987007141113
19.645629882812
-109.141410827637
70.537437438965
-35.095588684082
-63.081050872803
-34.632408142090
59.498851776123
-2.681304693222
-129.153152465820
-8.765282630920
29.497781753540
-50.311435699463
-119.004440307617
150.427810668945
-146.518508911133
-76.030021667480
-126.353912353516
18.709226608276
8.552500724792
-7.714077472687
-14.785368919373
55.202869415283
-5.093852996826
142.606903076172
103.028633117676
9.753397941589
-28.807872772217
6.262377738953
51.882820129395
63.368000030518
-144.041717529297
-7.378532886505
-54.308158874512
-51.396060943604
9.370018959045
-10.123562812805
-34.807678222656
-31.290582656860
35.563064575195
-57.766437530518
195.705749511719
-104.874191284180
11.179535865784
160.809494018555
72.603912353516
23.549770355225
-52.717056274414
-26.260099411011
-62.586059570312
153.097366333008
-156.945587158203
-178.599014282227
-15.770965576172
28.045745849609
-209.525604248047
-185.055084228516
-51.069599151611
16.050371170044
-16.448648452759
-39.220012664795
20.673149108887
-13.631170272827
-161.625335693359
-168.008087158203
-37.604103088379
-125.900474548340
6.000492572784
-41.002910614014
-15.524152755737
-37.363960266113
-31.828493118286
12.054504394531
-69.968803405762
-7.799017429352
151.744262695312
-30.668403625488
-1.801058888435
5.488753318787
38.787357330322
50.454895019531
-21.035757064819
56.389793395996
-19.370204925537
-42.105403900146
-8.554883003235
47.254081726074
37.747394561768
153.296783447266
-2.857135772705
-109.247734069824
-58.149745941162
64.235092163086
39.896415710449
-17.254720687866
-56.671825408936
-2.903783798218
57.779567718506
-34.838035583496
79.896598815918
34.727531433105
-22.971355438232
-17.689413070679
-87.656677246094
-190.067565917969
-22.289232254028
24.694629669189
-143.915435791016
3.906073808670
-94.656135559082
-37.276355743408
-26.245895385742
-23.481298446655
-33.672985076904
-214.666702270508
33.736244201660
8.415634155273
-6.599689006805
24.900445938110
6.267480373383
123.106391906738
127.428344726562
1.305853724480
-44.433010101318
-20.610237121582
4.667459964752
-20.151029586792
-15.122867584229
-8.507619857788
-19.489192962646
-128.413116455078
-58.078395843506
-229.144729614258
-8.138549804688
-63.555969238281
32.102519989014
-40.258728027344
-4.322897434235
-52.742294311523
-66.314941406250
49.162799835205
-1.075291514397
-27.348127365112
3.680974483490
-25.200761795044
-21.227577209473
-39.763233184814
-89.655616760254
-119.547210693359
51.754337310791
45.841468811035
40.860351562500
-23.678495407104
-16.963420867920
-13.615084648132
59.163341522217
-34.942371368408
-71.308830261230
10.942701339722
-163.340515136719
19.740751266479
1.840104699135
-6.687330722809
85.419624328613
-121.007957458496
-4.009193897247
-108.387870788574
24.730445861816
168.764434814453
-37.389007568359
-43.500228881836
-2.838163137436
48.554222106934
3.858004808426
181.045364379883
62.442958831787
0.958849489689
-66.014877319336
52.928806304932
-164.563400268555
17.350383758545
52.975116729736
-40.888370513916
22.469810485840
35.360607147217
-111.111923217773
-17.728580474854
122.128890991211
-7.511763572693
5.387741565704
12.225677490234
206.545013427734
42.176925659180
-14.512619018555
16.192775726318
-56.996070861816
-1.145413517952
-14.533749580383
-24.315242767334
-7.323268890381
21.092634201050
165.565032958984
-84.640769958496
239.989685058594
-22.676628112793
-23.936397552490
-183.269500732422
54.181755065918
-59.081321716309
-70.741874694824
-9.967642784119
16.954246520996
119.903045654297
60.487270355225
-163.179336547852
70.485328674316
-14.243282318115
157.912490844727
-32.211383819580
41.973663330078
-101.794448852539
-128.272598266602
-1.703460693359
200.741714477539
74.023704528809
36.389392852783
-55.800579071045
-3.534292936325
84.190269470215
-41.134822845459
-52.178092956543
-133.075531005859
-24.216056823730
29.180665969849
25.080547332764
73.567207336426
-2.745059013367
11.262866020203
-192.031478881836
-166.182037353516
22.132322311401
7.992723464966
-24.447128295898
-78.982902526855
62.993549346924
136.328536987305
181.953445434570
5.832138061523
-128.351150512695
27.205341339111
162.523086547852
-175.718872070312
38.793029785156
-166.647613525391
-10.683085441589
2.440516948700
8.757828712463
-11.589255332947
-18.505577087402
-106.014816284180
-29.322257995605
-12.607797622681
2.143401384354
-51.355312347412
-174.287963867188
-15.273306846619
7.090532302856
-51.729621887207
47.557308197021
65.170341491699
-57.028732299805
91.316017150879
4.071927547455
11.861365318298
-112.894851684570
38.973266601562
168.968444824219
-29.692190170288
-58.800117492676
23.647266387939
23.983589172363
-143.364273071289
-54.939952850342
-110.669296264648
-34.208496093750
-35.905998229980
46.688644409180
6.312981128693
2.745506763458
-16.113161087036
-58.128131866455
60.287322998047
-135.808685302734
38.179840087891
28.992254257202
60.597633361816
-26.874599456787
-158.400588989258
72.921714782715
71.355125427246
69.545539855957
1.355156064034
88.747116088867
-33.683738708496
-19.861114501953
14.487566947937
38.925132751465
-146.411605834961
-35.451877593994
-6.139525413513
26.890321731567
52.269874572754
-14.677646636963
178.380294799805
31.758497238159
-14.655262947083
120.222602844238
-106.526329040527
168.898300170898
-10.043623924255
-48.291759490967
18.773778915405
153.720596313477
62.254383087158
17.297418594360
106.710861206055
-12.181796073914
27.186510086060
22.355575561523
-152.958892822266
-45.019165039062
-42.012390136719
64.254463195801
-33.003345489502
-26.103225708008
-80.025733947754
28.813249588013
11.419785499573
-7.073745727539
-133.764816284180
152.474166870117
26.808416366577
-98.256645202637
0.147151231766
157.230834960938
22.507015228271
-171.102676391602
-120.239624023438
-31.086524963379
187.715606689453
37.904037475586
128.445220947266
-4.573642253876
16.986980438232
44.436180114746
149.688339233398
67.553794860840
2.570407867432
55.683006286621
131.583496093750
-35.961944580078
33.232673645020
-66.648033142090
48.415592193604
192.114044189453
-17.378694534302
21.612678527832
-35.170585632324
158.606796264648
54.736381530762
125.653518676758
-59.399314880371
-73.157859802246
91.383140563965
61.024456024170
-36.879615783691
36.684585571289
61.948978424072
-25.748521804810
-51.664215087891
5.870851516724
-4.063825130463
8.656373977661
24.079284667969
157.089675903320
-13.245886802673
16.016424179077
-50.333984375000
-20.187189102173
26.834999084473
-68.823226928711
25.017333984375
41.361816406250
10.758400917053
-19.741073608398
36.630958557129
-174.293457031250
-106.587715148926
67.374710083008
0.621132254601
-105.762985229492
-61.434986114502
2.510619401932
-110.668533325195
-160.964141845703
7.278197288513
32.627635955811
-119.838195800781
13.465362548828
-53.045677185059
119.832687377930
-184.596862792969
79.996635437012
-58.220912933350
133.965545654297
42.601772308350
22.723192214966
167.109863281250
169.507308959961
-14.003515243530
-15.054564476013
-165.874038696289
48.910331726074
-7.435530662537
-110.506645202637
69.271148681641
23.488269805908
50.076629638672
123.957321166992
37.870674133301
-88.329872131348
-144.661453247070
9.011187553406
87.027839660645
-61.477672576904
-6.214374065399
70.089462280273
16.627012252808
40.857749938965
-19.065717697144
-36.107192993164
-55.408920288086
-14.153111457825
157.754089355469
38.041221618652
7.357501029968
25.994850158691
137.035156250000
48.946063995361
-47.456623077393
-46.137344360352
-100.483512878418
-66.079971313477
42.458076477051
103.901206970215
73.967147827148
-5.436869144440
-16.483911514282
-85.035682678223
46.878791809082
-52.740665435791
28.562467575073
-90.516120910645
-0.080820612609
46.172401428223
22.195907592773
-108.452255249023
76.430198669434
66.646484375000
57.671615600586
3.840642929077
-107.020484924316
1.064911723137
76.036666870117
-13.026129722595
-20.847679138184
-100.073638916016
126.024673461914
-52.343708038330
-24.025188446045
35.845348358154
-18.102842330933
70.172195434570
47.654979705811
-20.211948394775
158.399368286133
-93.847679138184
130.197219848633
89.425575256348
49.363162994385
3.885256290436
3.144881725311
-149.045883178711
-17.428899765015
-57.377555847168
46.546115875244
90.540618896484
-23.548530578613
84.921569824219
-70.536163330078
113.748870849609
42.677612304688
13.734805107117
-64.895240783691
100.070693969727
96.408714294434
-17.902305603027
38.874824523926
-185.523529052734
28.030818939209
93.175430297852
-2.538457870483
-129.704284667969
-85.983306884766
48.216815948486
-7.009390830994
26.578401565552
-18.463888168335
187.284530639648
-19.777467727661
-7.399433612823
80.708847045898
-60.057716369629
-6.139007091522
-51.701232910156
13.815507888794
-47.317245483398
83.216812133789
-68.707534790039
17.307575225830
16.338233947754
18.025005340576
-50.957725524902
-22.536632537842
10.113370895386
-27.777751922607
-3.049439668655
237.187515258789
4.471580982208
-152.623336791992
7.653375148773
-32.218177795410
31.012031555176
84.255889892578
4.920453548431
-31.505151748657
182.430511474609
-20.373817443848
-52.663856506348
17.211868286133
40.487033843994
-16.233997344971
123.657051086426
-145.473617553711
-57.916015625000
54.109676361084
-33.387626647949
-125.811004638672
-47.092506408691
23.293001174927
0.657689750195
45.044532775879
110.260581970215
-46.209293365479
-88.682060241699
11.823627471924
28.417915344238
64.581779479980
-25.812088012695
26.100376129150
-6.179538249969
-44.766941070557
29.445726394653
-151.907897949219
-81.979820251465
-32.286964416504
113.388305664062
