0.0048469505
-0.07704928
0.022898417
-0.009877138
0.009352676
0.18513288
0.0024414205
0.0042900923
-0.0364568
0.04639463
0.17585519
0.1521135
0.08778671
-0.15980873
-0.1357181
-0.00093197543
0.020470023
-0.04019914
-0.031286404
0.002366051
-0.06364783
-0.0043816497
0.019215304
0.0016340256
0.0023652501
-0.018049281
0.008575147
-0.15849783
-0.004658
0.03600177
-0.03563099
-0.0021125104
-0.020115959
0.005443405
-0.009708547
-0.03868238
0.053299505
-0.0031795017
0.007281183
0.19146018
0.006372678
-0.011625353
0.008819625
-0.0121523095
-0.11954319
-0.020082476
-0.079704136
0.00014771178
0.00091128045
0.0035168796
-0.036744677
-0.009754451
0.0071791457
0.0022520847
-0.005889168
-0.1435282
0.011881937
0.0016149976
-0.009636379
-0.0008819611
-0.008030631
0.0036023764
-0.0005176058
-0.016659284
0.017739117
-0.014112306
0.009833673
0.02141855
0.0051588025
-0.002443652
-0.025295582
-0.004237219
0.012072649
0.013054782
-0.0040878425
0.121879525
-0.015384144
0.005863421
-0.02223945
0.02309051
0.0011625824
-0.0067376853
-0.02800403
-0.123426706
0.017620351
-0.001145803
-0.0037116415
0.027896194
0.008489071
-0.0034164106
0.00266767
-0.0035132428
0.014371783
0.0018257024
0.15112059
-0.034056824
0.032971032
0.014154213
0.044880014
0.013031528
-0.001126045
-0.008072852
-0.0018186399
-0.0076358947
0.009751346
0.0008345635
0.0055418205
-0.022201594
0.027431948
-0.060164597
0.004108016
0.0049659563
-0.032618035
-0.088271484
-0.0013902304
0.031361215
-0.18289915
-0.002631483
0.02854106
-0.02240654
1.488713e-05
0.0031493695
-0.15301299
0.004367122
0.024249902
0.027878629
0.05169124
0.0025222383
