1.4145991
0.5731388
0.804375
0.75504947
1.0716574
0.598649
1.1929599
1.0772932
0.61511165
0.58070785
0.5763085
0.66844296
0.6805893
0.52245986
0.66250914
0.9839278
0.92006534
0.7144237
0.5937624
0.9631067
0.5864456
0.95424837
0.87732446
1.4709532
0.85394335
0.6838259
0.8810229
0.4724526
0.81552
0.7298102
0.77474344
0.96357936
0.77304345
1.0167663
0.9895364
0.658187
0.64110523
0.96551806
1.3146542
0.6685024
1.5346848
0.8565405
1.1811559
0.63218
0.5980687
0.75388575
0.65699196
1.0884806
1.4891909
1.007966
0.6802707
0.7709803
1.3718684
1.0265833
1.1736505
0.4973159
0.80329347
1.1741093
0.81855047
1.4947815
0.72973394
1.0008724
0.83057326
0.71004224
0.7876768
0.8198525
0.93704176
0.8557298
0.81050825
0.8307584
0.747266
0.8421946
1.0317237
0.9068457
1.0366709
0.5669905
0.904513
0.9619356
0.8240125
0.77149576
1.3072277
0.8899907
0.69256026
0.47712386
0.8680986
1.2181723
0.9376457
0.75131106
0.9480028
1.0522132
1.3350724
0.7793044
1.8672373
1.0637631
0.62472236
0.69404274
0.72987753
0.88718164
0.7208618
0.7236071
0.91182196
1.068129
0.75846976
0.5564635
1.4839877
1.4850811
0.8999743
0.6778049
0.68564314
0.5047554
0.9609378
1.0170639
0.8091556
0.5913299
1.4323009
0.68296075
0.6166737
1.4580034
0.67129004
0.79435766
1.2916961
1.2844226
0.6314679
0.9253353
0.8870257
0.6589764
0.6853701
1.0454916
