0.51407355
-0.3834053
-0.1738781
-0.25026962
0.18892108
-0.31721538
0.36581108
0.32008812
-0.3401337
-0.31575015
-0.32342488
-0.32933125
-0.30508485
-0.41391587
-0.25420612
0.053214747
-0.087617725
-0.28221023
-0.31607226
0.17078957
-0.3970034
0.11887063
-0.1324726
0.60794353
0.0127608515
-0.35070157
-0.06887114
-0.39020914
-0.121054515
-0.34712464
-0.20088401
0.035773084
-0.22608726
0.1631965
0.1465813
-0.38991633
-0.4082093
0.13669157
0.5004151
-0.36689785
0.57061934
-0.058038007
0.16250789
-0.15618037
-0.39367446
-0.23056178
-0.30027524
0.15008761
0.70133317
0.2885196
-0.27960983
-0.18645635
0.50147533
0.22997698
0.44468248
-0.38130784
-0.26172948
0.30374384
0.09880446
0.6243996
-0.2012751
0.26307714
0.173693
-0.21106902
-0.23329414
0.02305085
0.033606265
-0.16548952
0.19036268
0.09381696
-0.19750464
0.0789616
0.08257371
-0.16771866
0.19184498
-0.41696602
-0.1400564
0.1878973
-0.15923315
-0.18361332
0.44912848
0.016822578
-0.29458916
-0.4014484
-0.2030601
0.34251446
0.22785826
-0.31034762
0.005548563
0.37293094
0.28974748
0.029123135
0.9481401
0.34870785
-0.38463068
-0.2902738
-0.37909597
0.021187093
-0.27189925
-0.1741843
-0.0068446174
0.16433913
-0.084274516
-0.3037555
0.6995251
0.757616
0.0173836
-0.33699435
-0.41689223
-0.40074044
0.26502094
0.13066147
-0.1536803
-0.42802966
0.5555095
-0.32913134
-0.37014472
0.5918436
-0.27804986
-0.13673826
0.39622286
0.2488488
-0.26572523
0.013718286
-0.1628909
-0.36454034
-0.46514228
0.23492232
