0.007617474
0.3850227
0.14079456
0.03656983
0.05659902
1.9900903
0.06373438
0.031204002
0.11439195
0.18398553
1.8558916
1.4213698
0.5933263
1.5764427
1.0624595
0.06831675
0.18700565
0.19139741
0.09244228
0.08510421
0.28748235
0.067460306
0.10427015
0.029962352
0.020181693
0.05064048
0.0388536
1.5254834
0.02306339
0.17423525
0.17609288
0.024894629
0.101263486
0.08022457
0.14619905
0.21201967
0.23630118
0.09929706
0.06397807
2.2377803
0.017960548
0.07735518
0.09975417
0.038027752
0.99626243
0.12931518
0.3805049
0.019318689
0.025055157
0.12779397
0.18541
0.031735197
0.053829346
0.06683868
0.055390608
1.3359752
0.046969753
0.06653571
0.11888975
0.017349565
0.039278746
0.05647093
0.02587711
0.06292788
0.13516928
0.108541384
0.11877203
0.1622363
0.167877
0.02114894
0.16637039
0.18593067
0.07814413
0.068307735
0.047791153
1.0497631
0.11378965
0.04150307
0.17176075
0.086186476
0.03284294
0.100617446
0.15061973
0.99237573
0.10952337
0.0920653
0.13589454
0.15800443
0.087320015
0.025042273
0.062325496
0.0292867
0.017181791
0.042312894
1.4211657
0.20599245
0.09006635
0.16912305
0.29755512
0.04299044
0.037291292
0.042926572
0.040878646
0.020181399
0.009486175
0.016711416
0.024244595
0.06661679
0.08331928
0.2683535
0.18772978
0.20059913
0.18584251
0.6077778
0.035180293
0.11862082
2.1859493
0.015539717
0.13467824
0.12641406
0.09899121
0.027394176
1.3569019
0.05143613
0.19706924
0.119317405
0.2812925
0.06122471
