-0.22813445
0.18853825
0.071317144
-0.085302256
-0.23159039
-0.18914196
-0.03037451
-0.1546356
-0.1879505
-0.22483371
-0.04530381
-0.09801557
0.017640129
-0.218743
-0.10423466
0.03818402
-0.13312277
0.12369672
0.023236027
-0.12165165
-0.20419076
-0.11896251
-0.06465924
-0.12345062
0.2169784
-0.18467638
0.015045146
-0.20517346
-0.19626522
0.0120340185
-0.080204524
-0.2713767
0.1242268
-0.14102288
0.12366025
0.1987684
-0.33283982
0.09501348
-0.09213585
-0.048114344
-0.06784672
-0.26815096
0.2263485
-0.1231863
-0.060408887
-0.060655646
-0.29018867
-0.19705091
-0.33571962
-0.0036705027
0.13143831
-0.24190697
-0.17194696
0.11852197
-0.12111392
-0.21153907
0.026763136
0.12522459
-0.18468095
-0.09925316
-0.00020577252
-0.19622876
-0.2495922
-0.1574334
-0.2413341
-0.32894698
-0.008401939
-0.012635449
0.30774754
0.16885287
-0.16680351
-0.085045226
-0.05419515
-0.18003812
0.27179587
-0.16557011
-0.0072640935
-0.18548474
0.17220251
-0.030810097
-0.054847017
-0.0622216
0.020643452
-0.3799687
0.18632922
-0.1499577
-0.2266726
-0.14848693
-0.2804938
0.19051291
-0.1796643
-0.013383545
-0.26324746
-0.15525515
-0.23919511
-0.10598732
0.19687845
-0.18804257
-0.0904436
-0.076320134
-0.22452371
-0.17281336
-0.1589748
-0.19403912
-0.2153839
0.105656095
-0.22312193
-0.11394353
-0.17311487
-0.07789617
-0.24460441
-0.25066847
0.12152829
-0.0925963
-0.27604792
-0.2645312
0.24991706
-0.25481066
-0.16623947
0.302966
-0.03009165
-0.0006565338
-0.08495082
-0.032395896
-0.12108824
0.29190874
-0.11771084
0.08650178
