44.43396
22.145716
32.372795
37.28608
43.77342
18.48419
36.483303
23.063593
30.673298
39.15525
30.164633
21.960133
23.188799
32.310234
30.519577
24.910412
41.235947
7.943214
42.219765
12.523948
17.916527
31.846905
43.95166
19.033
16.187855
32.951145
26.052185
31.795887
25.664314
17.261555
21.753862
32.777676
31.704535
35.153137
18.602648
19.649849
23.564674
18.591234
19.998016
35.201797
16.745947
38.7325
10.837956
32.469093
31.788721
31.538715
40.969387
32.976032
27.931051
17.51864
30.566551
31.093145
33.365932
18.93657
29.03019
18.084198
27.94458
17.406942
45.823986
32.1965
25.759893
42.759266
13.521216
39.273617
33.57058
28.766829
41.973045
23.183117
24.250385
15.467255
20.946198
22.1149
26.164015
18.337206
15.840336
21.207113
32.79454
27.4076
27.316849
30.504732
30.34528
22.376171
50.398052
22.13579
25.243553
33.374302
27.970255
23.384865
18.730345
20.130995
36.779037
33.912857
32.49612
17.503061
18.494204
35.807667
9.067497
29.805983
29.684177
36.83693
42.36254
58.859726
20.309546
24.567057
48.75783
23.113876
16.662542
52.181526
29.27797
47.959072
23.536554
23.945969
10.765824
48.839718
24.685795
24.785864
19.986616
20.487875
37.511673
24.191301
22.683628
17.870474
49.531563
20.968725
11.294363
21.03358
22.896538
19.677862
