0.7697812
1.0989994
0.99312043
1.041039
0.74740094
0.9085786
0.967121
0.8091201
0.76570606
0.77157396
0.9349664
0.91687447
0.9454826
0.7984913
0.8838244
0.99132717
0.92732006
1.1252713
1.0085655
0.9875511
0.8402857
1.0017765
0.9709379
1.0596813
1.139492
0.79393375
1.0579025
0.78194994
0.9308265
1.0534046
0.9324203
0.8518272
1.0476257
0.8610399
1.1330405
1.1072211
0.6703884
1.204303
0.8876865
1.0428271
0.9805548
0.75747955
1.2583327
0.92645305
0.9823201
0.9131851
0.75534004
0.81057495
0.6368254
0.98442316
1.1534257
0.84224254
0.82444525
1.2023987
0.9427498
0.85598063
0.9894117
1.2174294
0.972402
0.9101251
1.0570035
0.82936084
0.80102354
0.9071993
0.82085556
0.7735509
1.0288376
1.0963542
1.13212
1.2593116
0.95537215
0.92790663
0.9882841
0.85777664
1.2231325
0.89759165
1.0842333
1.0187509
1.0992752
1.1839939
1.0497166
1.1075197
1.0802976
0.5811232
1.1183537
0.981439
0.8244661
0.8811634
0.736433
1.2051923
0.82434386
1.0031362
0.7788494
0.86962396
0.75040615
0.88927597
1.1092589
0.8537463
0.99960566
0.8841959
0.849203
0.8528744
0.82057834
0.87888324
0.82725173
1.0901055
0.8806508
0.9790538
0.771838
0.9160947
0.82363707
0.8765796
1.1970712
0.9840051
0.704279
0.81109095
1.25415
0.73382634
0.99601495
1.262034
0.96826977
1.0745554
0.88771856
0.97586817
0.8902142
1.3344641
0.92490965
1.0447718
