0.37852466
-1.6315854
-5.6934934
-5.6561856
1.6335251
-4.6992235
-6.043725
-1.7801383
1.9459456
-4.083793
-9.815867
-1.8860773
-1.1195937
3.9336948
-2.2718582
-3.8883522
2.652514
0.20051844
-6.152697
-1.2052281
2.4714189
-5.024502
1.0840774
-0.017726965
-1.1854862
-5.772382
-3.3666961
0.5248293
-4.823968
-0.27955812
-3.4817088
2.9536417
-2.5684433
-6.1861224
-0.8286751
-1.0919709
-3.9423065
-2.2421465
-3.4250607
-6.0448956
-2.9830542
-7.483779
-1.6229323
2.1139014
0.46836638
-7.4347534
-4.3061776
-10.040544
-2.4293525
-1.7710153
-1.6004257
-0.70336926
-0.8777387
1.1128814
-1.2514002
0.018217796
-5.1686964
-1.1575035
-5.8646483
-5.7548265
-3.5507007
4.7154036
-4.0260715
-3.769312
-4.7626123
-2.9427493
-3.9368677
-4.549143
-1.4902654
-1.8290061
1.7590518
-0.4586512
-5.123986
4.121682
-0.81540775
-4.210358
-4.978078
0.92067504
-1.5162697
-2.9136796
-3.946324
0.7977347
-5.142805
-3.2552924
-1.2376345
-7.1573725
-7.0144362
-4.447197
-4.293186
-1.9623338
1.1006845
-8.228655
-7.685883
-0.91434574
-4.566903
-13.316649
0.21191768
-8.142357
-3.6678772
-6.324999
-3.463475
4.863097
-7.620429
8.222922
10.020523
-2.590556
-4.6685567
-3.7497084
-0.68652534
-4.3720455
-2.6290505
0.7789973
-0.07454155
-2.5133662
-1.8114562
-6.7506022
-1.3052635
-2.3052614
-3.2736273
-0.6072261
-3.649028
-2.400654
3.0880477
1.3574038
-1.8208238
0.33723968
-4.5349736
-3.139726
