-0.074728474
-0.08358396
-0.24042054
-0.2241378
-0.15328506
0.044924945
-0.2778589
-0.17389044
-0.2510033
-0.08576141
-0.07206809
-0.12042511
-0.20564769
-0.15180086
-0.040304054
-0.053772744
-0.17660387
-0.25547057
-0.08540751
-0.21211848
-0.1094508
-0.24068305
-0.09526148
-0.28215405
-0.05242938
-0.28086412
-0.13189396
-0.16260144
-0.073643155
-0.1312445
-0.05563651
-0.12508777
-0.054358114
-0.06618735
0.003533039
-0.11578973
-0.086181834
-0.17952037
-0.14280598
-0.2484923
-0.23209158
-0.09485766
0.017264096
-0.19605832
-0.123143524
-0.25451177
-0.0023797709
-0.12983426
-0.029515883
-0.17353468
-0.12149813
-0.15542088
-0.022343177
-0.055844203
-0.14773022
-0.10074983
-0.026637059
-0.12590255
-0.2326413
-0.10053063
-0.07767537
-0.06206998
-0.10829926
-0.21360585
-0.06264968
-0.1666895
-0.089863375
-0.24165782
-0.108171806
-0.08210682
-0.1666347
-0.1174368
-0.07368767
-0.19726226
-0.09767928
-0.16440786
-0.15045364
-0.18301725
-0.10809318
-0.09644699
-0.17019236
-0.11741155
-0.25803545
-0.0005968639
-0.122841634
-0.10749987
-0.17614329
-0.16817456
-0.14908853
-0.21459277
-0.14715484
-0.1815111
-0.117443115
-0.09754015
-0.22081046
-0.16292445
-0.118309185
-0.17992672
-0.116128705
-0.19802707
-0.12569782
-0.2000634
-0.14307642
-0.16228986
-0.24527165
-0.07126532
-0.15050557
-0.1045601
0.033899672
-0.1750281
-0.16817926
-0.037674367
-0.11068928
-0.057357986
-0.08089625
-0.040181004
-0.11529951
-0.10857645
-0.19489206
-0.08112944
-0.040414598
-0.14048097
-0.1543421
-0.08744089
-0.17275213
-0.095607996
-0.15905267
-0.22405072
-0.179808
-0.15649933
-0.1573591
-0.06816272
-0.08987295
-0.14924692
-0.0683584
-0.06896487
-0.11817259
-0.16985565
-0.2516241
-0.28259814
-0.1444551
-0.08255331
-0.07533422
-0.1316932
-0.22104263
-0.069444425
-0.2797176
-0.10036294
-0.17229962
-0.08470144
-0.18423922
-0.08353173
-0.124930985
-0.14892666
0.0033078033
-0.20597412
-0.10859852
-0.019432576
-0.12311536
-0.1662448
-0.14562364
-0.077395186
-0.24606206
-0.06026327
-0.16251597
-0.10017179
0.12080769
0.01421366
-0.12730484
-0.14852642
-0.20608449
-0.13022067
-0.08092608
-0.09175546
-0.11879378
-0.15461767
-0.11461245
0.0006005666
-0.17409942
-0.15172438
-0.08014385
-0.1735255
-0.13745697
-0.21995507
-0.11824283
-0.19770649
-0.1314542
-0.19431286
-0.097672775
-0.26960245
-0.22920616
-0.05187916
-0.13781963
-0.057609253
-0.12755343
-0.30888262
-0.12682542
-0.13275006
-0.21527348
-0.043413844
-0.0538785
-0.1674201
-0.037481055
-0.086891234
-0.19929643
-0.1160861
-0.053196758
-0.07886301
-0.064284
-0.06922095
-0.033515684
-0.061312135
-0.19047612
-0.087103985
-0.043564186
-0.116880104
-0.21814074
-0.09909972
-0.059179615
-0.045446683
-0.15586619
-0.04978957
0.083218455
-0.19165568
-0.006133849
-0.11637819
-0.13676335
-0.16964793
-0.046359662
-0.1084772
-0.05669506
-0.07743882
-0.08339294
-0.13433924
-0.19440418
-0.029477164
-0.22792533
-0.12745957
-0.096692525
-0.098980956
-0.12527923
-0.12604739
-0.091640264
-0.09216348
-0.11269334
-0.16408193
-0.0820019
-0.17571485
-0.11460121
-0.1500064
-0.2285547
-0.08279516
-0.18811502
-0.05870653
-0.13238752
-0.13649587
