24.681438
9.780911
14.333196
13.836443
15.778301
13.423929
17.949825
17.721163
21.078512
20.870054
15.384656
13.172738
12.141832
15.921475
14.944383
13.810089
16.055233
14.6362095
14.748402
19.895102
18.18074
13.997602
12.589805
25.826979
19.87395
18.640917
20.194096
18.221811
13.686259
10.507347
12.166373
9.711548
13.3485155
15.468442
11.989467
17.857147
11.2386675
28.422182
13.212611
18.646198
14.998784
13.951709
11.964295
15.1069145
16.428583
13.510461
15.250731
7.7284346
13.117462
10.682602
11.333017
12.646846
13.781336
12.830629
14.146432
11.254282
12.641116
15.350351
14.188013
12.104254
14.243491
13.571035
9.426033
11.766638
13.660368
13.784206
20.961758
10.509393
12.778343
12.054479
15.734966
11.248659
23.813696
10.592204
15.275796
14.274985
29.82765
11.63076
28.445658
11.534243
12.028919
17.22207
9.465315
14.778531
13.473673
13.996458
16.082092
15.157673
18.38205
14.525093
10.758995
19.891762
11.948917
13.026019
16.53607
12.852313
11.469687
18.75449
12.157566
16.296986
11.759572
16.695192
13.445619
11.447934
14.46208
12.710088
10.544374
14.636636
20.557549
16.19719
16.508768
11.682579
15.552683
8.698799
14.104923
13.620326
16.497414
13.894993
9.444893
14.299185
19.56955
14.945629
12.131713
11.30653
13.171197
13.61376
13.765413
13.868758
15.050448
16.983944
14.188352
13.253932
17.824234
17.426584
7.1786637
16.995333
13.39066
15.178375
16.182587
12.072632
8.173587
20.352213
12.045621
15.76254
14.837062
11.504776
14.345025
10.736929
13.2655945
19.302814
8.942378
23.382067
15.407752
15.347057
15.30404
15.548363
13.731406
17.241682
8.852107
20.831272
12.781888
13.487825
14.562196
12.333287
8.807035
14.6243725
9.73413
12.8449335
17.481283
17.553612
13.058536
11.258867
16.92533
13.037006
18.911268
14.4561825
14.759452
12.193105
14.673188
12.265733
13.499019
12.901462
14.330108
17.97623
14.574683
18.226313
12.771856
18.874052
12.579485
17.930387
17.712748
14.982172
14.931596
17.816938
9.514122
12.812246
9.349108
10.721863
12.064168
13.031131
13.114989
12.15469
20.54912
13.997419
12.649666
14.231605
11.0532675
18.002548
13.247276
19.44707
10.266413
13.389766
16.093843
9.896096
15.281265
15.283605
12.004738
13.729744
8.937004
8.747537
20.094448
8.550738
10.13315
11.825117
9.251863
12.012472
14.189018
18.22559
13.43993
11.13904
14.334478
11.771216
10.719571
11.829719
10.410599
8.257206
16.48389
29.2128
12.241517
8.335275
20.13113
16.481041
15.479426
11.475985
14.298185
19.911932
13.352551
9.856261
15.408847
8.619314
21.073076
13.696518
25.02062
11.049485
20.70049
12.612215
