-2.4883697
-0.32504568
2.0957167
-3.38795
0.5156261
-1.9683352
5.9409924
-3.5622742
-4.3970933
-1.8302275
-2.775686
1.7509193
-3.9015934
-3.358528
-2.0136883
-2.388194
-3.999486
-2.269403
-2.0592387
-4.4269757
-4.410914
-1.881172
-0.15534364
-6.681711
-2.8009343
-4.660752
-2.9610667
-2.869915
-1.4884073
-0.8422599
-2.5137682
-0.32969794
-2.2605696
-1.3813446
-1.4683505
-4.3485713
-0.4724441
-7.2682624
-1.2281579
-5.0220246
-0.8905688
-3.96652
-1.9391005
-3.3738034
-3.8824852
0.07554924
-1.9339927
1.772168
-1.1669334
-0.31152967
0.5078757
-2.7289526
0.1661407
-0.9417157
-1.3834304
-2.2527258
-1.7956833
-1.7434564
-2.054391
-0.7783088
-0.82493323
-1.1806948
-1.501819
-1.7367086
-2.309194
-2.5143194
-4.2400284
0.28750196
-0.9644946
-1.3425913
-3.8069475
-1.8687875
-3.047261
-0.68752456
-3.0499299
-2.9857235
-4.438122
-1.4813603
-5.20598
-2.2857492
-1.2219667
-2.9592578
-2.4501677
-1.3271205
-4.131507
-2.7351723
-2.613721
-2.349842
-3.3672893
-2.7575336
-1.780959
-4.442127
-1.8929234
-0.9562646
0.19830903
-1.0770218
-2.0848806
-4.8025255
-2.5235205
-3.3246558
-1.2733883
-3.933883
-1.6702538
-1.5640302
-1.344839
-3.446868
-0.85761625
-2.35856
-3.8771055
-1.6681135
-2.2293108
-1.9640527
-2.3555634
-1.1988848
-1.8197384
-1.5344772
-3.321063
-2.01864
0.4476025
-2.351201
-2.6585052
-2.8531804
-2.858826
-1.4292375
-2.4022555
-2.2234862
-1.6873087
-1.1692224
-1.0726707
-3.3270535
-2.6619995
-1.9395719
-2.0041192
-3.114623
-0.04750166
-2.5089269
-2.7254994
-2.5238073
-2.5077374
1.2042583
-0.5591756
-3.3905444
-2.1924465
-3.328542
-2.9599473
-2.099692
0.5950738
-0.41985714
-0.3206094
-2.369222
-0.97010124
-2.7939138
-2.5155783
-3.2767673
-2.5809753
-3.8410964
-2.4410152
-2.9425986
1.3404675
-5.9904532
4.137873
-1.249735
-2.069012
0.094971344
0.20511918
-1.1173791
-2.1385605
-1.039921
-2.4347622
-4.242452
-1.8361014
-0.73568785
-3.2068756
-1.0895289
-3.152664
-3.9319596
-3.5839934
-1.7279246
-2.924097
-2.3470087
-1.7361474
-2.1373837
-1.4460442
-5.466482
-2.6683521
-4.1262827
-2.1307087
-5.009545
0.87015265
-4.179285
-0.27430254
-2.6301963
-2.8160737
-2.3970666
-1.8806514
2.257706
-0.23155892
-2.1136746
-1.2183862
-1.3166904
-1.8615813
-1.280723
-1.7765374
-1.725468
-3.1521745
-3.820601
1.2050424
-2.992584
-1.4471705
-2.1841896
-0.57908165
-0.9010797
-3.896767
-0.787651
-0.947405
-3.6052768
2.5797703
-2.3601048
-1.6488289
0.7555497
-2.9845705
-0.5521579
-0.45705795
0.23125915
-0.6007826
-2.427621
-3.0654898
-2.837199
-1.5632073
-2.3433568
-2.9885728
-1.449727
-0.39777547
-1.1202195
-2.1164072
-1.230772
-2.0629935
-5.4786234
-1.5973842
-0.58011335
-3.355373
-2.8062499
-2.7061703
2.1070924
-1.5977966
-3.223865
-0.660809
-1.6449958
-3.1172733
-1.31807
-4.959517
-2.3836057
-5.3833857
-1.3700038
-4.8445725
-2.9529922
