1.1246593
1.0572544
0.8882589
0.8264493
0.9798677
1.1700495
0.91993093
1.0350876
0.83786684
1.016395
1.0453825
0.878221
0.94851613
1.0173624
1.1253829
1.0195132
0.8637281
0.9008495
1.005042
0.86115795
0.957188
0.85214263
0.9436063
0.79695565
1.005292
0.81010103
1.0035387
0.94963926
1.0321796
1.1173128
1.0487449
0.9684771
1.032305
1.096137
1.1432277
0.9487613
0.90927374
0.92671543
1.0353383
0.9028398
0.9502799
0.9575519
1.056856
0.93330973
0.98768896
0.92441684
1.0877359
0.92702943
1.1108205
0.77335054
0.94084066
0.98339576
1.057403
1.0754344
0.98830754
0.9616393
1.0459037
1.0706639
0.8867155
1.0777107
1.0527418
1.0711849
0.91246504
0.8980196
1.0411645
0.9617988
0.97338283
0.9445721
1.0278871
1.0955209
0.8746199
1.0232158
1.0815816
0.985401
0.9680883
1.0265713
1.0215445
1.0362462
0.97641355
1.0180538
0.9824581
1.126587
0.8939905
1.105808
1.0221299
0.97895986
0.996114
0.9985121
1.0249938
0.9283737
0.9504794
0.914619
1.0941697
1.0168054
0.92870146
0.9027858
0.97747046
0.97459924
0.9618032
0.94870704
0.9374777
0.94711775
0.8680766
1.0122674
0.8422607
1.0053436
1.0061799
1.1075946
1.0814226
0.9844132
0.8487665
1.0570111
1.0543901
1.0081543
1.1195294
1.0129168
0.93814665
1.0286977
0.8953588
0.9344563
0.96124375
0.9975065
0.9738955
1.0569952
1.1190952
0.99351275
0.99529934
0.8983303
0.98310876
0.9186846
0.9527869
1.0528606
1.0556291
0.97788846
0.9942819
1.0731814
1.0352354
0.9370203
0.8258736
0.86355054
1.0295631
1.0504107
1.0605805
0.9625559
0.8720463
1.0798393
0.94929796
1.036899
0.9276375
1.1406332
0.9260782
1.0671432
0.9481497
0.9716304
1.0742226
0.87164545
0.94092494
1.0770582
0.9844304
0.94613117
0.9904348
1.060427
0.89119977
1.0069647
0.9703695
0.99400806
1.1422807
1.1064495
0.92169666
0.91526437
0.93936014
0.92698884
1.000634
0.9466229
0.97558266
0.9358998
1.0495147
1.1924734
1.0056666
0.9265042
1.0310482
1.0394062
0.94836867
0.99220407
0.95392895
0.906707
1.0271027
1.0108668
1.0059382
0.84226483
0.97368705
0.9654607
0.8915489
1.2168691
1.1241014
0.9135078
1.0465317
0.9165451
1.0235412
1.0231444
1.0541761
1.0108941
1.0519289
1.0921428
0.95365745
0.9794372
1.0510029
0.98245525
1.0326076
1.1244878
1.2119395
0.9487636
0.9043127
1.0924538
0.96795857
1.0847929
0.8830437
1.0563399
0.97530055
1.0209073
0.9691978
1.0904934
1.109244
0.97290295
1.2635151
0.9964186
0.9285462
0.942286
1.1135417
0.93311656
1.0418022
1.1721919
1.0255136
1.0156314
0.8974765
1.0303708
0.89526033
1.0488966
0.9514852
1.0057843
1.0813171
1.0365689
0.98143786
1.0060996
0.946042
1.0139196
0.9544263
0.88824606
1.071022
1.013724
0.9305264
1.1321046
0.9761975
1.0753105
1.0025296
1.009467
