27.860077
19.528456
14.829939
15.633708
23.686031
22.622849
23.663937
20.192553
18.57503
24.447699
25.742964
21.178238
19.94688
16.99836
21.55719
17.690786
24.528805
20.126093
22.8695
14.792072
17.765156
23.557549
19.656685
25.782751
15.236082
21.005495
16.869501
19.4098
19.675737
16.45233
27.566204
20.861578
21.742971
23.114304
19.098843
24.13794
16.24268
20.903257
20.429882
22.490881
16.474215
22.903797
18.858084
18.995546
17.396614
18.494692
21.087082
19.967903
24.647415
26.44387
24.849575
20.302877
17.039528
19.974075
17.705284
18.73086
20.820816
18.875193
20.226278
17.40786
20.081482
20.63007
23.901943
29.833675
25.40748
16.303215
27.684637
22.137363
21.534517
24.071262
25.958973
20.519377
18.97101
20.64589
18.723291
21.237614
19.318676
25.994614
22.21861
23.709267
24.051575
21.884876
29.104418
18.565327
16.181614
14.77113
23.695883
25.378405
20.397978
19.949135
15.596751
18.455225
22.409945
19.296652
16.408514
19.799387
19.573437
19.835249
20.802458
23.478094
24.910273
19.368576
27.259815
23.163774
28.361803
20.748373
20.571634
22.572014
13.571625
17.572697
18.71404
16.068947
22.427055
25.737972
19.985998
25.278318
17.313822
20.43896
19.495293
21.712805
23.927525
22.639627
29.03596
20.69357
18.289104
15.064801
22.384525
21.096684
23.859137
19.431057
20.550058
22.384846
15.976456
25.198875
21.072027
23.317854
17.447336
22.437662
13.400616
22.63867
15.2550955
15.207796
20.118542
15.547369
17.673388
17.83014
20.484045
20.146677
19.081865
26.329071
14.657824
17.22068
20.26402
16.07554
20.93812
19.166723
18.3197
26.587135
18.735304
20.651442
17.695488
22.506542
21.380322
17.804678
29.099155
20.45286
21.721958
19.996677
18.850475
22.988323
15.993165
25.870346
18.731625
16.288345
30.750679
18.544884
23.325745
21.76645
17.330978
23.066881
16.935282
15.154332
24.847216
24.723465
19.73904
26.476704
28.16979
23.324474
19.249008
26.51997
29.214476
23.387102
22.653727
18.792057
20.406782
20.471157
20.555159
17.11028
14.622218
16.219063
23.762259
22.360691
16.42653
17.439865
18.401157
18.82312
18.499878
21.53066
16.822727
15.190424
25.491222
20.576622
17.48607
19.367222
19.25028
21.105204
17.859085
16.050037
21.329313
24.920446
14.089202
18.034784
22.628073
19.274128
19.223862
20.373806
18.173105
23.929777
23.569101
23.566463
20.254114
24.869864
23.654089
18.564442
24.898378
16.385834
14.764653
21.416256
15.701596
26.624052
21.990314
21.005877
19.1885
18.277462
21.799417
16.929394
25.877481
17.501263
23.594372
17.142326
20.212957
20.38509
19.735851
24.396662
18.651701
19.102839
