-0.24051896
-0.2237388
-0.2026204
-0.23053078
-0.24827227
-0.25441998
-0.21110451
-0.38956288
-0.2904885
-0.23048323
-0.22747271
-0.23793371
-0.26374263
-0.2519729
-0.19219163
-0.14781936
-0.28494573
-0.2554295
-0.22048403
-0.22836001
-0.2801306
-0.22635655
-0.29398906
-0.31088388
-0.34005153
-0.3292878
-0.2740448
-0.25554594
-0.16354157
-0.2704354
-0.24169122
-0.16810472
-0.3239488
-0.11546858
-0.1635762
-0.06063345
-0.34995443
-0.25201467
-0.29338092
-0.2793414
-0.25346547
-0.23328401
-0.40960062
-0.23223633
-0.26408184
-0.24021165
-0.25070152
-0.24816576
-0.22021133
-0.19398144
-0.36060247
-0.2905407
-0.12980738
-0.16666313
-0.32708344
-0.20416953
-0.2339884
-0.2504789
-0.2460589
-0.19428337
-0.28438002
-0.12122386
-0.28425565
-0.24130246
-0.2550812
-0.27858564
-0.1870227
-0.19757932
-0.21512222
-0.28206077
-0.1658681
-0.25842026
-0.25620323
-0.26942733
-0.33212683
-0.23933803
-0.23230423
-0.15742204
-0.2415293
-0.27300367
-0.29750404
-0.19899571
-0.19537938
-0.34254923
-0.3089182
-0.38987437
-0.3390981
-0.28600442
-0.31160718
-0.2942917
-0.21954486
-0.2629911
-0.1577557
-0.285685
-0.29338554
-0.37746608
-0.20759992
-0.26391676
-0.28875077
-0.21059267
-0.19459324
-0.3287419
-0.24323288
-0.28613955
-0.24673004
-0.21362902
-0.30011216
-0.22576562
-0.2831859
-0.21572013
-0.33100995
-0.34157667
-0.24643958
-0.2738137
-0.1323507
-0.26675528
-0.26798353
-0.31743106
-0.24145563
-0.17123045
-0.21046855
-0.28354406
-0.32090038
-0.25219256
-0.24126315
-0.28881928
-0.14189078
-0.26665044
-0.19813259
-0.25773934
-0.32373998
-0.22428845
-0.07128485
-0.14563891
-0.21975684
-0.3406752
-0.2846406
-0.21411099
-0.28861782
-0.24175695
-0.22103858
-0.27527502
-0.2592084
-0.231002
-0.26066455
-0.24195021
-0.18945345
-0.24764594
-0.25341105
-0.26201475
-0.27517772
-0.2679183
-0.28790668
-0.28169677
-0.20615202
-0.14082308
-0.24857287
-0.20002633
-0.26182365
-0.29674736
-0.3461225
-0.107963726
-0.20789734
-0.21354957
-0.25201407
-0.24796037
-0.22642
-0.24406633
-0.25856844
-0.22041434
-0.3247969
-0.16871507
-0.19090785
-0.22865108
-0.17809689
-0.30939364
-0.14728601
-0.33859432
-0.28901416
-0.22656637
-0.2857728
-0.24195658
-0.18358658
-0.17465611
-0.36863816
-0.2774606
-0.35533455
-0.3798235
-0.24355033
-0.22524042
-0.35580695
-0.28095406
-0.30793485
-0.3418941
-0.18966496
-0.1971967
-0.18553682
-0.19321778
-0.1764084
-0.26493755
-0.17722075
-0.31549242
-0.30314288
-0.20857395
-0.30127135
-0.2898911
-0.30469713
-0.33412164
-0.32746765
-0.20791617
-0.2502466
-0.31874156
-0.33326593
-0.25568244
-0.18756197
-0.19515696
-0.24986975
-0.31284812
-0.21383381
-0.34832597
-0.14366084
-0.25136498
-0.3182384
-0.2539262
-0.23525202
-0.3239766
-0.28036627
-0.36869746
-0.17734951
-0.18116355
-0.19043438
-0.2503122
-0.2921747
-0.20693378
-0.17491433
-0.25190318
-0.20381846
-0.1788204
-0.32369706
-0.3105106
-0.41261303
-0.27550802
-0.28813905
-0.19854234
-0.3091463
-0.316603
-0.2647556
-0.2200693
-0.2125949
-0.24017972
-0.16191958
-0.34972844
-0.23038568
-0.3143987
-0.22096546
-0.17907014
