1.0842735
0.9705499
0.9708188
0.9707047
1.0152427
0.9165301
1.0122762
0.90268236
0.943348
0.8653235
0.95307434
0.85435915
0.92327607
0.85741365
1.029589
1.1554475
0.87790936
0.82652146
0.8729661
1.0229337
0.9902396
0.91966456
0.9002427
1.0078042
0.94038105
0.9066688
0.93014395
0.86415297
1.0423615
0.92086893
0.9511303
0.9710113
0.83150905
1.0800102
1.1000062
1.1938818
0.95578444
0.8999988
0.798948
0.9200216
1.0859482
1.0473317
0.7453237
1.0752653
1.0121137
1.0920217
0.95744956
0.88297457
0.8750872
1.0805652
0.93810177
0.92559034
1.0365688
1.0589379
0.96513647
0.9645379
0.95879555
0.99978733
1.0359226
1.1098319
0.9178515
1.0794691
0.9807807
1.0246868
0.9928475
0.90710753
0.87713003
1.008223
1.0784162
1.0227976
0.99760765
0.9565947
1.0000985
1.0444512
0.8520154
0.9078955
1.01229
0.99908733
0.96290094
0.994439
1.0329462
1.092876
1.0848404
0.9484508
0.9234385
0.82020485
0.82325983
0.9716895
0.91367567
0.9640039
0.95596164
0.960369
1.0637113
0.90062493
0.88111615
0.91295993
0.9570442
1.085802
0.98150355
0.93209106
1.164215
0.88208944
1.0478408
1.0102056
1.0574142
1.1465557
1.033284
1.0132153
0.94492537
1.1083688
0.9165535
0.9453752
0.9831076
0.96558416
1.0407845
1.0042703
1.032937
0.9189927
1.0116957
0.9660046
1.0494891
0.93043256
0.9128704
0.94580734
1.0457032
0.9391052
1.0038598
1.0216626
1.0649058
0.96871096
0.9699819
0.9924695
1.0467103
1.0695158
0.8906244
0.8900055
1.1412126
1.0403568
0.94171184
1.0247364
1.0274165
0.95466053
0.9895715
1.1285015
0.9245623
0.9861276
0.9872005
1.0623323
1.0578109
0.8954352
0.877279
0.9874638
0.87788516
0.98739415
0.9042641
1.0756004
0.9196341
0.9841909
0.9534136
0.9833672
0.9228392
1.1164311
0.92425996
1.0190595
1.0279133
1.0467463
0.91252285
0.9726943
1.0101655
0.9690256
0.9342897
1.0789433
1.1199884
0.98246586
0.9782395
0.87312615
0.9924893
0.9574619
1.1256013
1.0881069
0.84761167
1.0495715
1.0107073
1.032281
0.931347
0.9964633
0.83024794
0.93254894
0.898918
1.0713266
0.92584497
0.86827487
0.96858674
0.8964257
1.0130416
0.9753866
1.0168937
0.91811824
1.1642495
0.9280944
0.9405228
1.0148253
0.90418124
0.9689972
0.98103225
0.9545616
0.9825638
0.8862927
0.948588
0.88194126
0.82439137
0.8640046
0.9339769
0.97665876
1.0839473
1.009049
1.0716509
0.97787374
1.102963
0.83130276
1.1343205
1.0242094
0.7625858
0.9983589
0.9888069
0.89733124
0.9071203
0.8288838
0.93780106
0.9452298
0.9541567
1.0002123
0.95201707
0.89335805
1.1946642
1.1159666
0.8355725
1.0500745
1.1005414
1.0452386
0.8830425
0.97718936
0.9262204
0.9560298
1.004919
0.83222884
0.95881635
0.9320482
0.9987861
0.98419684
1.0373403
0.7964327
0.94318724
0.9191131
1.0792605
0.99199873
