-4.757291
-3.2472599
-3.041731
-4.7772713
-6.175392
1.1609749
-2.9335055
2.111813
-0.6416953
-8.7211275
2.114543
-5.4401712
-1.5094846
3.6261146
-3.9352932
-0.31874955
3.7012181
-1.3509661
9.258717
-2.3774333
-3.6498604
-5.1744204
-9.509232
-1.3597339
-3.4229205
-6.5633802
-4.396459
-1.364671
-2.6059518
-2.2517712
7.8235264
-9.79962
1.8075843
-2.9351733
-3.062772
-2.3620923
-4.1262403
-1.4852467
-0.13336562
-6.030011
-3.2587554
0.9401228
-3.279966
0.35820988
0.038672168
-5.6631584
4.8447003
-3.4913797
-6.6270037
-4.6694717
-8.769887
-5.7471237
-2.3988273
-3.9208362
-5.4809513
2.361714
-6.402113
-6.785266
-5.164664
0.2105323
-5.8263125
1.5273352
-7.525641
-5.0958834
-5.1713843
-1.4469467
1.2628102
-8.681663
-5.1057477
-3.613971
-1.8903798
1.0167291
-1.2063309
-1.1318645
3.121363
1.6370846
-4.782988
-0.92686623
-7.464098
-5.733533
3.1119945
-4.3716555
-2.775315
-6.943893
-8.144978
-4.557853
7.4130325
2.4175096
-2.240991
-8.498533
-2.9914732
-2.0260196
-6.233113
0.12842977
3.7379344
0.054308277
-4.928331
-2.9001086
-5.863463
-6.483892
-0.27466428
1.7029284
0.75607574
-6.8539314
-5.572888
-2.6734731
-3.0641108
-5.62537
0.6791604
0.3281858
-2.5629983
6.0093913
3.7992604
-2.8385518
-0.49425328
-8.957941
-5.199369
-5.8037734
-4.018341
-2.7988684
-5.248067
-4.2263894
-6.6552134
-5.025823
0.029536646
0.12688662
-1.1465846
1.0502555
-5.6956477
-2.813106
-3.6017878
1.8631057
-3.0241618
-3.5142632
-3.7110717
4.917198
-1.2468426
-3.084107
-6.1728296
-0.2584431
-3.7809367
-1.3581566
-1.9019182
-3.1655242
-2.0641387
-3.2147865
-7.0828443
-1.0452306
0.85994476
-4.759289
0.45300627
-0.7420454
-6.126726
0.76812464
-2.4828694
-8.730096
-7.833145
-7.529822
-1.5127668
-0.67930275
-0.5279154
-2.187344
-4.9827304
-4.4283423
-3.1192648
-5.00744
4.0353107
-8.225281
-2.475734
-4.901529
0.688146
-4.3262787
-2.5830812
-0.77245414
-4.6278105
-6.2413387
-6.202277
-2.4466255
1.3418188
-4.56245
-2.7599003
-5.3355503
-6.684207
-8.862288
-0.067805976
-4.5937514
-6.196454
1.3293308
-3.5377035
-4.5153866
-3.7076836
-4.9202576
-7.2449455
-7.97096
-6.045518
-2.5290086
-4.0888143
-6.0932927
-1.8088585
-3.5419464
-6.2555604
-4.812003
-2.1447353
-4.7167916
-1.508512
-8.96733
-4.95252
-3.5528207
1.1044173
-6.5579495
3.4030902
1.1786071
-3.354153
-2.071183
-1.5811081
1.2401005
-4.615882
-5.3359513
-2.506705
10.015459
-2.8735893
1.9992582
-4.4627795
0.4930268
-7.3707304
-4.8860564
-0.8001185
-6.733642
-5.4212933
-9.959115
-3.5859869
-5.830714
-2.0391812
-5.0234756
2.7365324
-3.1224349
-2.688863
-4.114318
0.6563697
2.9567826
1.1042598
-1.517917
3.8076034
-1.4029009
-7.1675305
-1.5317987
-6.659224
-5.0016356
-6.94845
0.5062275
-3.752641
2.0734894
-4.599797
-5.127383
-3.7380953
-7.0632405
