0.9748254
0.8071879
0.7736343
1.035801
0.890998
0.9724959
1.0607679
0.8278735
0.9688399
0.99043983
1.0272714
0.96854746
1.0222297
1.0457416
0.88349074
1.0300332
0.93559617
0.8334605
0.88933283
1.0588008
0.87233454
0.9195199
1.0011239
0.9078231
0.9820296
1.0747718
0.8075046
0.9994427
1.0239086
0.9453342
0.9917386
0.8236199
0.9075605
0.9409642
0.99831915
0.9499555
0.9545339
1.0363448
0.98766136
0.9236693
0.98992544
0.92498386
0.8978413
0.8932658
1.0519643
0.92701507
1.0929576
0.9380448
0.9008178
0.97367257
0.9639387
0.9126267
0.8967345
1.0027809
0.93526274
0.99132323
0.93391544
1.0220824
0.98953044
1.001406
0.8548241
1.012641
0.950497
1.0294381
0.95948786
0.87799203
1.0358285
0.96448535
0.936678
0.8676681
1.0468495
0.9659547
0.9867765
0.9024579
1.0791471
1.004141
0.8654797
0.7504896
0.9084288
1.0455736
0.8981093
0.8427392
1.0075247
1.0560814
0.86498237
0.9288196
0.986425
0.8992965
0.9051556
0.9863888
0.90520895
1.0289644
0.97009623
1.0006611
0.91090757
0.93394643
0.9267977
0.9818046
0.959668
0.85735905
0.9399781
0.9369431
0.94067246
0.96113575
1.0842955
0.95985395
0.9034632
1.0334979
1.0175011
0.88121116
1.0028489
0.98891896
0.92767596
0.89518857
1.039649
0.88902795
0.915847
0.8900425
0.8669499
0.9932611
0.9254804
0.93864954
1.0653346
0.8008958
0.9657108
0.9503016
1.0494276
0.940658
0.91483456
0.9478797
0.9626748
0.8799939
0.9177781
0.94456726
1.0154401
0.82422507
0.96060276
1.0612109
0.9566928
1.0624158
0.9491464
0.96059525
1.0086806
0.9148775
0.8717001
1.0419403
0.8815948
0.93784744
0.96496856
0.9914223
0.99143326
0.9426531
0.95539
1.0203503
0.873294
0.92564416
0.8922639
0.913547
0.8645771
0.8732835
1.0086249
0.9053226
1.0107821
1.000198
0.91715586
0.9491545
0.80941826
0.95123726
1.1317234
0.9927058
1.0073379
1.0324792
0.88020307
0.9829861
0.9036891
1.0390519
1.0400723
0.780567
0.88037425
0.9744188
0.9990527
1.048408
0.94092405
0.8981267
0.99036586
0.9530693
0.8872493
1.0530034
0.9966905
0.88359785
0.9166446
0.9368526
0.8844717
1.0221552
0.9355193
0.9910606
0.9355859
1.0187148
0.9552091
0.9625632
0.97877175
0.9373513
0.900604
0.95029175
0.95196944
0.96406525
0.9045674
0.95141447
1.0410786
1.0404047
1.1009321
1.0064855
0.9767254
1.0408342
0.9193777
1.0350822
0.9322233
0.9354684
0.9445832
0.96378386
0.9827873
0.92019886
0.9978633
0.9194201
0.9739549
0.76799387
0.956265
0.98709637
0.9458447
0.98117214
0.9012973
0.98760957
0.97605854
1.0296694
0.99050736
0.90500546
0.8157664
0.99189377
0.86370516
1.0001943
0.9205533
0.937748
0.88595057
0.9161579
0.92669785
0.90270436
0.9327864
0.86911225
1.0472509
0.9083542
0.91848844
1.0429494
1.0000031
0.9988151
0.808518
0.99024683
1.0020249
1.0092294
0.93637824
0.9204933
1.0056242
1.00133
0.91916674
1.0408716
0.90365386
0.8716166
0.9126959
0.9075322
0.9914547
0.9116515
0.92111605
0.94183683
0.90774316
0.9961869
0.89807063
1.043702
0.94870013
1.0123776
1.0501097
1.0014642
0.98180914
1.0494657
1.0309339
0.939525
0.9704635
1.0035422
1.1643273
0.9192021
1.0244786
0.95069337
0.9789546
0.8581903
0.92784554
0.7872344
0.99003
0.8248239
1.1229682
0.89284724
1.0647264
1.0768417
0.8907102
0.9595405
1.0477027
0.86125165
0.93933606
1.0577884
0.9591207
1.0146027
0.9251438
1.029748
0.9116382
0.9330772
0.955983
1.0178647
0.85566604
0.9817366
1.0421797
0.84920144
0.93200195
0.9397132
1.0464518
0.88541985
0.9582051
0.9999932
0.89677674
0.9570272
0.96495134
1.1352432
0.8875332
0.8984558
0.8964429
0.9130651
0.8161275
1.0623808
0.95670563
0.868611
0.8629224
0.9927112
0.9505068
0.9133601
0.9981462
0.92085737
0.92515707
0.8718914
0.94533813
1.1043637
0.9412829
1.0296085
0.9196009
0.9084517
1.1171465
1.1476643
0.9871763
1.0368085
1.0271202
1.1226895
0.88199633
0.87268627
0.93439263
0.9802079
0.85088414
0.87608033
0.96584576
1.0668272
0.84602344
0.96334004
1.0440173
0.97296435
0.9086263
0.9642582
0.9888657
0.93107235
1.0965176
0.9484539
0.9868361
1.0513047
0.90601486
0.8912258
1.0113713
0.96692014
1.0048501
0.8436516
1.0770581
0.93666935
1.0263834
0.94856447
1.0892996
1.0087028
0.85442233
1.0626297
1.0184382
0.9186066
0.9513711
0.93804294
1.0262593
1.1307855
0.95493704
0.9978986
0.8822168
1.0905942
0.8050546
0.8910103
0.9779615
1.104313
0.9272864
1.036295
0.9695048
0.8591626
0.95978725
0.9826651
0.9374546
0.9594594
0.9757138
1.116521
0.94217986
0.9559847
0.88136786
0.98845506
0.9422761
0.8706764
0.9457498
0.85097075
0.9667424
0.86008155
0.864378
1.0919124
0.9621456
0.94315064
0.87735945
0.92415684
0.94956905
0.9065307
0.86868435
0.8770543
1.032915
1.0982584
0.9847202
1.0163121
0.97240514
0.96980983
0.90939075
0.91288596
0.93114126
0.92980283
0.91631466
0.93264043
0.8711864
0.85459137
0.88427657
0.8564351
0.88568634
1.0648736
0.9694205
1.0227549
0.89925635
1.0352194
0.9564549
0.8815324
0.90254116
1.0282034
1.0295244
0.9227761
0.9329724
0.83669174
0.91242504
0.9951528
0.954458
0.90095896
0.9448685
0.97748464
0.873585
0.97555363
0.91261077
0.9681324
0.89982074
1.0543543
0.9249874
0.86384493
0.9169562
0.7609933
0.93646646
0.99080753
1.030242
0.9200926
0.8986321
1.0963445
0.82290643
0.90872115
0.9533542
0.97209364
1.0094696
0.9713705
0.9434775
1.0345956
0.93222183
0.9656278
0.9395142
0.9079488
0.8961637
0.93461174
1.0450015
1.0069431
0.91598636
1.0422429
1.0240214
1.0954752
0.9043804
0.91690516
0.9757305
0.97437483
0.96993625
0.95023066
