13.009703
14.3971615
18.926235
12.922034
14.953571
20.17947
16.861029
14.712508
11.481168
16.872608
16.040285
14.827296
17.750475
14.436904
25.205494
13.094882
14.008555
14.9319105
13.188208
12.541516
14.455663
16.216204
14.3939905
14.241123
14.079005
15.968266
13.51177
16.835672
11.470094
13.614444
15.366559
19.750713
15.08422
13.057184
13.74415
15.370579
15.63283
12.566001
17.626143
15.296691
12.047791
15.88222
16.80683
15.598768
14.167168
15.368367
14.333585
26.505514
15.875489
14.636512
13.489821
16.683867
15.845609
15.499554
13.964451
16.689613
21.459621
14.900006
14.643185
17.561855
13.165145
12.726153
11.817369
19.793104
12.270626
21.011751
15.611341
16.757404
13.208018
15.412123
12.546504
13.376235
15.798409
16.098328
16.43608
20.123106
14.948998
14.415757
14.133507
14.340915
13.131601
13.822789
13.099696
19.285204
19.496931
17.594536
14.388547
15.827648
28.748318
14.036082
14.361176
14.996538
13.946066
14.456455
17.180593
14.248713
14.665079
12.407006
16.36983
15.488129
12.117371
13.069315
15.675911
18.987675
14.21402
20.070963
15.731289
12.878873
16.70392
12.465076
10.730056
14.350507
16.571253
13.56836
15.454667
12.779913
18.442547
13.561949
14.304814
14.389097
18.831766
16.650816
14.491672
14.941375
13.756032
14.448854
17.27527
12.874261
17.965593
12.272957
11.861616
17.577415
19.686417
15.515022
12.914066
12.04479
20.525826
15.650435
12.515773
12.862092
17.888273
12.484511
13.162812
14.714038
15.687129
16.0148
14.633261
13.932978
12.806585
20.405008
12.124084
14.702475
14.827496
15.9176855
13.234211
13.23225
14.950915
14.721895
15.392046
17.652105
15.347067
14.319244
15.229626
12.822511
14.739587
12.583647
12.942937
17.377853
18.406012
13.698473
17.088299
13.882839
17.250538
16.842936
19.579391
15.368011
13.871249
14.590124
13.511993
14.126914
12.594853
16.024748
16.759722
13.305961
13.410632
16.030258
12.809599
17.165834
14.428643
17.423374
13.869872
15.341101
14.2241335
13.906853
14.322246
13.514678
13.575549
15.97977
21.976095
16.52655
24.725466
15.220009
12.533687
13.556917
14.288586
13.9080515
14.972099
14.106868
12.876379
14.039546
16.371769
13.145195
15.295311
13.601471
19.763618
14.503407
13.100774
13.443626
15.856231
11.670372
15.129974
24.751589
20.303936
12.954908
15.835541
20.684933
13.649481
15.926342
14.987829
12.713253
17.2645
17.604448
16.776829
17.49042
12.533797
13.149903
16.514597
11.9755
20.972475
16.113634
18.30609
17.818993
12.585259
12.226018
12.834658
22.213505
19.546953
15.287316
15.191436
14.764497
19.153238
13.646673
19.618008
14.153429
21.165796
15.743254
13.080504
20.670351
11.82455
17.491371
17.452377
14.78476
14.97556
13.17702
16.641823
18.77418
16.51294
16.334446
14.589114
11.058756
13.762669
17.5731
13.130785
17.464548
13.721107
15.110794
12.355352
15.698391
14.606834
10.962346
20.16633
12.900812
20.897375
12.581281
14.9531
15.400893
14.223591
12.582689
14.542103
13.593043
16.457424
19.840359
12.728749
11.570545
15.732715
14.598141
16.166508
12.364063
15.344597
13.169514
17.07861
13.982927
15.023039
15.168932
15.158535
14.246059
14.632744
14.303498
13.411739
11.413554
18.14831
15.548049
15.595705
14.084862
12.638206
15.778767
19.184593
19.187172
13.426357
16.236542
13.70259
14.553558
13.544758
17.181057
13.930022
12.766825
12.579403
13.045395
16.275106
11.9692545
15.154643
14.048153
20.737846
16.830984
11.411199
15.308488
13.10857
12.740561
18.623545
18.510397
13.0047
12.928215
15.061377
15.303188
14.152815
20.028547
13.554833
18.972162
11.837509
12.427579
17.068483
14.427484
12.704017
12.870307
14.088887
15.500162
15.610802
15.993219
15.510744
14.245079
16.950619
16.001547
10.790987
13.923265
17.68323
14.072048
12.397865
12.293288
16.435873
13.278269
16.643032
12.461294
13.249245
16.3029
15.885705
15.5960245
17.483652
16.291613
13.529596
16.846533
18.60072
13.590559
14.874455
15.92943
17.617754
15.02966
17.068201
15.321487
22.84596
14.604417
14.812479
13.312612
11.861294
17.036488
16.32516
18.46181
17.235485
17.978539
14.189716
14.9415655
16.839422
16.286224
12.227462
12.505521
16.501839
16.08268
13.846788
16.009478
11.047452
12.367887
16.777302
16.865242
16.859804
13.218437
16.845587
12.313767
14.889198
13.826083
12.680751
13.017073
14.968267
17.572586
12.085562
15.686845
13.903807
14.668179
18.59651
13.363093
12.921596
13.6000805
18.17618
15.668441
17.617083
18.686398
13.142328
13.211832
12.985041
15.849479
14.131865
15.128784
16.239517
12.489839
14.166641
13.056132
14.970194
14.781225
21.125473
18.243433
14.640522
17.477129
15.011148
11.139896
16.67015
11.9507885
15.170326
16.077284
12.535975
18.407747
15.60556
15.566525
13.262338
13.401479
14.665232
14.449784
18.293726
15.691033
17.027033
12.642485
17.436935
21.23352
13.760016
18.844696
13.817089
14.368774
13.720349
14.396328
19.28082
12.379603
20.54824
14.545184
12.448462
17.917479
16.700418
12.907098
15.877314
12.446255
15.624205
13.765931
11.9724245
12.679982
13.108313
16.15043
10.353545
15.440747
15.144911
16.181063
15.027309
10.109221
19.306873
15.866685
17.592665
11.450403
24.60227
12.530797
13.394724
15.289834
15.116271
21.429949
16.866766
13.509747
14.149948
16.636618
