-0.3200245
-0.36714196
-0.34991342
-0.25170523
-0.36425942
-0.3242576
-0.3118805
-0.3023962
-0.32157445
-0.3337141
-0.26225576
-0.370046
-0.2973654
-0.24082448
-0.32075188
-0.34146833
-0.358717
-0.36212084
-0.32367486
-0.28637132
-0.39761883
-0.33092257
-0.34425673
-0.36523962
-0.26958108
-0.294207
-0.4481567
-0.38137516
-0.27349696
-0.37082413
-0.3002515
-0.4002879
-0.3922746
-0.34419438
-0.32642755
-0.37416053
-0.3317801
-0.2723938
-0.4051374
-0.38506433
-0.36529395
-0.319568
-0.3322237
-0.37977287
-0.24852109
-0.34171385
-0.2764442
-0.42125893
-0.28534117
-0.30754143
-0.34091663
-0.2844581
-0.44604325
-0.37112612
-0.40516952
-0.33432603
-0.289237
-0.239056
-0.31783208
-0.36282024
-0.35374418
-0.27244484
-0.31453916
-0.25145563
-0.351108
-0.3352718
-0.3409013
-0.25196764
-0.372838
-0.3739354
-0.3056968
-0.3693932
-0.3118525
-0.34831622
-0.3259603
-0.27646673
-0.41913328
-0.35975316
-0.346357
-0.4049965
-0.42130163
-0.38877165
-0.36916977
-0.34151068
-0.3206294
-0.34813458
-0.35443544
-0.35379964
-0.3535642
-0.2990315
-0.36140344
-0.35795712
-0.36764944
-0.29579177
-0.35748106
-0.42401612
-0.34271884
-0.29804632
-0.3710542
-0.39523318
-0.29987058
-0.35140678
-0.34315664
-0.3071663
-0.30415604
-0.35647163
-0.37968692
-0.3022542
-0.24015099
-0.40978616
-0.30404502
-0.28732732
-0.25992775
-0.37901285
-0.29765236
-0.35414416
-0.35099745
-0.34376422
-0.36461696
-0.26470256
-0.43197665
-0.33006558
-0.30064437
-0.35455617
-0.37691936
-0.36780766
-0.29757482
-0.43679255
-0.38381994
-0.34033027
-0.3079417
-0.43259805
-0.36916497
-0.39528516
-0.3237225
-0.363628
-0.36157206
-0.35637286
-0.3744937
-0.37076727
-0.3456779
-0.35508615
-0.3375205
-0.41518942
-0.46619958
-0.31101072
-0.3225
-0.37185386
-0.2901722
-0.32848188
-0.3041693
-0.35684925
-0.33714885
-0.25439906
-0.40807724
-0.3527145
-0.43994048
-0.35048667
-0.3283986
-0.33073664
-0.3887775
-0.32044083
-0.30174226
-0.2892563
-0.36778334
-0.34643784
-0.46880317
-0.35789093
-0.31840923
-0.36611184
-0.34810323
-0.2627286
-0.39349052
-0.38541123
-0.3885565
-0.32674745
-0.34940717
-0.42523634
-0.37452465
-0.3592743
-0.2556975
-0.31886274
-0.258619
-0.32303056
-0.41078624
-0.4471383
-0.40127915
-0.3054523
-0.41067296
-0.42091092
-0.3730465
-0.3470006
-0.3681988
-0.38034227
-0.34823844
-0.4210123
-0.36167008
-0.3480988
-0.30134746
-0.33803606
-0.3570728
-0.3053941
-0.3547659
-0.35540292
-0.42523414
-0.34619725
-0.34059906
-0.3777061
-0.30823067
-0.24572627
-0.32261136
-0.29715443
-0.2766876
-0.366762
-0.26522455
-0.27627924
-0.2864235
-0.25177878
-0.33458796
-0.2802429
-0.26841262
-0.31765112
-0.3233855
-0.40981114
-0.46129918
-0.4185337
-0.37305093
-0.28475964
-0.35729918
-0.34266812
-0.2727333
-0.31361622
-0.31937143
-0.28800145
-0.34791997
-0.39412698
-0.3502723
-0.32403192
-0.3104
-0.30185676
-0.3162445
-0.33172256
-0.40962923
-0.3760408
-0.3381277
-0.36667627
-0.29845273
-0.33585456
-0.3756843
-0.37892875
-0.36791515
-0.29448876
-0.3360969
-0.32703248
-0.4231681
-0.3553012
-0.4181996
-0.33924365
-0.33701923
-0.35944474
-0.3693839
-0.41699973
-0.20572934
-0.36403742
-0.3046791
-0.3877772
-0.4041119
-0.321408
-0.3168475
-0.2981719
-0.2992849
-0.28348222
-0.35954887
-0.29918462
-0.34628588
-0.29914775
-0.2959499
-0.33411166
-0.3227705
-0.37498888
-0.3355088
-0.41018412
-0.28573352
-0.37728494
-0.31029648
-0.29908386
-0.32989174
-0.31559223
-0.33796427
-0.28579485
-0.23625651
-0.38333297
-0.34963164
-0.40175277
-0.33112895
-0.40857112
-0.26424125
-0.31702447
-0.26766986
-0.31261176
-0.4462716
-0.38964048
-0.38592184
-0.34267974
-0.36344594
-0.31609315
-0.37384406
-0.33721793
-0.22976644
-0.3229322
-0.40794253
-0.3420975
-0.35240418
-0.31846544
-0.44073367
-0.3279956
-0.3888
-0.45382178
-0.32414576
-0.351889
-0.39527878
-0.36367333
-0.28416425
-0.382847
-0.38052613
-0.3691361
-0.30635858
-0.19941714
-0.4091318
-0.32070506
-0.4083522
-0.32857585
-0.44072983
-0.34870613
-0.33758816
-0.37342975
-0.344167
-0.3434812
-0.3883766
-0.38914666
-0.2120396
-0.43475583
-0.42542708
-0.38716397
-0.2827356
-0.24526758
-0.34254056
-0.2576443
-0.25924078
-0.36700812
-0.2836564
-0.30059636
-0.35859016
-0.33952793
-0.34030104
-0.3400429
-0.37529877
-0.39338866
-0.39104396
-0.32925802
-0.4642293
-0.39716536
-0.32513794
-0.34021667
-0.34872878
-0.3277231
-0.254372
-0.350339
-0.36129674
-0.34501663
-0.27470487
-0.3280137
-0.3098986
-0.26297534
-0.35769153
-0.36175486
-0.39604872
-0.33242103
-0.42462704
-0.37529868
-0.28457695
-0.356665
-0.24315044
-0.29388726
-0.3002787
-0.35287747
-0.37359723
-0.33429393
-0.36128786
-0.34119982
-0.3205418
-0.39342004
-0.28185952
-0.4377824
-0.2829779
-0.32884297
-0.38429645
-0.3894388
-0.36118922
-0.284021
-0.39573655
-0.40123388
-0.25147074
-0.27525243
-0.42698276
-0.3735078
-0.39198455
-0.41480035
-0.35815838
-0.3980587
-0.30057383
-0.2726318
-0.4347411
-0.34215724
-0.34736833
-0.52585894
-0.2827567
-0.22192135
-0.37073067
-0.43172827
-0.34881264
-0.3774726
-0.2752108
-0.37523687
-0.3721442
-0.3420488
-0.37122586
-0.37818176
-0.3700391
-0.31972155
-0.3481122
-0.37686217
-0.3599007
-0.39583218
-0.34766966
-0.35565284
-0.33563963
-0.35343772
-0.42239276
-0.34278724
-0.3318093
-0.36294472
-0.34124416
-0.3093508
-0.40111256
-0.43248865
-0.38619757
-0.37840953
-0.4233117
-0.37196484
-0.39376637
-0.32535145
-0.30805483
-0.27749357
-0.35428035
-0.34002975
-0.3762805
-0.31850246
-0.36014003
-0.31158724
-0.3266914
-0.3563609
-0.34697014
-0.35884833
-0.40146703
-0.2939242
-0.38317004
-0.37435612
-0.3752119
-0.37569654
-0.38267627
-0.32204336
-0.399252
-0.2979525
-0.40343764
-0.30287132
-0.34285972
-0.3870002
-0.31524774
-0.3323678
-0.41415548
-0.3368239
-0.32502943
-0.4188528
-0.41609988
-0.19041708
-0.36436
-0.418899
-0.3519011
-0.38926664
-0.32598957
-0.2517899
-0.3043269
-0.30105585
-0.35966122
-0.2987451
-0.3973681
-0.3894345
-0.37169296
-0.3901623
-0.27407947
-0.35915783
-0.30650696
-0.3018114
-0.36477536
-0.37870786
-0.41001904
-0.33568865
-0.39112058
-0.25464264
-0.3472305
-0.34978378
