0.30010957
-1.8824037
-5.362755
-1.5392728
-2.6046932
-4.4069996
-1.5891173
-4.5782995
-1.025019
-6.179269
-2.7708375
-1.9016877
-3.2626805
-2.7539036
-5.5170574
-1.907221
-0.7235928
-3.5123436
-1.169569
-1.0640662
-2.7564445
-4.914941
-2.00826
0.53174007
-2.4996963
-0.43720433
-3.795126
-2.2427883
-2.3696923
-2.3211248
-4.0094256
-3.257157
-1.4237262
-3.3200257
-1.5241818
-2.7099936
-0.07676699
-3.4170797
-4.4419556
-1.9002547
-0.8942848
-1.1493592
-2.2951422
-1.5983852
-3.228034
-3.3340082
-2.155676
-5.585576
-3.9704647
-1.079441
-0.5895876
-4.957628
-2.6214015
-1.9443865
-0.9104005
-2.873675
-5.3495913
-0.97182816
-0.21926798
-2.550948
-1.5643384
-0.9431865
0.8828016
-4.0740833
-0.08930166
-5.539379
-2.4872835
-1.9684787
0.6351619
-0.85861707
-1.5570316
-2.3319976
-2.5015512
-3.0969844
-3.7825499
-3.3337681
-4.497015
-4.54202
-3.3717892
-1.1519064
-1.9169753
-3.2536325
-1.1463202
-2.1959739
-0.9165472
-4.2624626
-0.9965555
-2.3495188
-4.8020983
-3.194193
-0.6925975
-2.5421455
3.572625
-1.1346469
-1.5315598
-0.36408383
-0.0078112525
0.90730494
-4.3847666
-2.5742013
-0.4053145
-1.7942947
-1.1517109
-3.2126086
-1.8296719
-4.785397
-2.5928264
-0.5875518
-3.9335225
-0.9352146
0.99749964
-1.1707761
-2.2678108
-1.1171622
-2.1718488
-3.6697028
-1.3346049
-2.3889287
-3.254866
-2.6590421
-4.1149135
-1.3698541
-3.0471785
-3.503379
0.47252178
-1.5815501
-4.666893
-2.484258
-2.8775263
-0.51862735
0.11860675
-6.0133166
-5.7588263
-3.3716846
-0.33896014
-0.9262327
-5.8500667
-3.3461926
-1.5197029
-1.4732633
-3.7217855
-2.04016
0.3335476
-1.9323416
-2.2238712
-0.7849809
-0.5745471
-3.0578952
-2.641959
-4.283673
-2.294525
-5.507684
-1.8934675
-2.6436362
-1.0727351
-0.2707381
-2.578047
-2.1861074
-4.1842046
-5.031894
-0.9452496
-2.7270422
-0.44788107
-2.8485298
-3.8205214
-1.5562937
-1.9761928
0.6118262
-4.929057
-0.11327707
-2.3392916
0.0867353
-4.096007
-1.8118963
-4.957282
-3.617487
-1.0627421
-3.9469826
-0.9443153
0.113539465
-3.9327118
-1.1758451
-1.7946075
-1.1015309
-0.8147528
-1.4514153
-2.1106896
-3.1336393
-2.5749223
1.4411598
-0.47446632
-6.009795
-3.0282462
-2.3856528
-2.3192997
1.2378136
-2.6102538
-2.083515
-5.354737
-2.2783015
-6.349576
-5.3535395
-1.5243587
-2.886796
0.38371906
-1.7895075
-4.8176756
-3.073648
-3.9178522
-2.466169
-4.0245605
-1.9366095
-2.5311675
-0.76107997
-6.8191223
-3.3756928
-2.3104656
-2.633758
-5.3936076
-1.8129225
-1.0137715
-8.169904
-3.2522194
-1.4758164
-2.2693074
-4.389882
-0.57164776
-1.9582785
-1.9423472
-1.8734891
-3.0619745
-3.0590532
-5.046517
-3.3303425
2.3569365
-2.7232938
-1.7104485
-0.3853487
-6.94325
-2.903207
-1.4981434
-3.156882
0.11576264
-0.9604334
-2.1421652
-4.0856733
-4.367142
-3.3809938
0.58710545
-3.9776063
-4.268771
-2.58886
-2.3723326
-1.5795747
-6.5348577
0.18778838
-0.7614573
-4.669798
0.20530644
-2.9618108
-0.01255076
-0.33351398
-5.286614
-0.97490525
-4.0618753
-3.0055573
-3.1094801
-3.8376236
-1.5998212
-2.0843062
-3.433935
-3.22644
-0.7226265
-5.733155
1.585512
-3.4998178
-2.2570748
-0.63750595
-2.4273498
0.49150866
-3.6478014
1.2894542
-2.8949573
-2.3042176
-2.3325822
-0.7796569
-1.1426469
0.7593227
-1.2364545
0.19280632
-4.663837
-6.3338237
-3.140989
0.48464206
-2.6672573
-1.3615075
-2.1553516
-3.4441142
-3.3965242
-2.8825247
-1.1624635
-2.265654
-2.6035428
-3.931566
-2.746435
-2.769634
2.4918528
-2.0787783
-1.9204311
-0.48866263
-4.1327844
0.11784653
1.0905812
-1.716178
1.2408749
-2.4957833
-1.8673455
-3.2187176
-3.2934515
-2.9757233
0.09937923
-0.8732629
-1.5229049
-2.4836936
-3.9796026
0.08255024
-1.0626404
0.82836163
-3.4927557
-2.0183568
0.0759912
-1.828776
-2.767216
-3.3076086
-0.88023937
-0.5039898
-1.7112693
-3.1696012
-1.5339136
-5.3739643
-1.4702476
2.2351692
-0.6687532
-0.5283385
-2.842107
-3.4523988
-3.2805088
-1.8313572
-2.123103
-2.0264122
-5.301103
-1.041518
-1.7549846
-0.86326104
-4.5928335
-1.8319567
-2.3102748
-2.2891033
-2.9305985
-3.4828968
-2.0612519
-0.13035747
2.2562332
-1.8395613
-2.31877
-3.1271472
-1.972137
-1.0489893
-3.1058853
-3.289419
-4.1408844
-2.8177254
-1.425355
-3.7912135
-2.6466167
-3.013671
-3.1125536
-3.3213453
-2.0587611
-2.878576
-4.755416
-0.06809621
0.4506668
-1.3506922
-4.036318
-3.5945203
-2.3479092
-3.8063943
-6.2916265
-0.6277795
-3.0044765
1.0017463
-1.8245441
-3.3580163
-4.574026
-2.9332309
-1.4231561
-2.5743117
-2.5242646
-0.73781776
-5.48994
-3.599054
-0.7840541
-1.6531409
-4.8267198
-4.1420054
-1.7086776
-1.416633
-2.4262757
0.42627433
-3.4232605
-0.9628635
-4.6060557
0.20096311
-4.7191634
-0.61269665
-3.1484294
-3.8134892
-3.6936066
-2.407725
-3.1762426
-4.4989395
-1.1946071
-3.315789
-2.1102457
0.12783879
-2.3388596
-3.1311092
-1.9751537
-2.2246058
-2.4783368
-4.4381633
-5.3407326
-7.011855
-1.3386968
-1.0611145
-1.4068415
-3.1282494
-0.626801
-1.8060293
-1.944402
-2.64364
-1.7062154
0.8885248
-1.2606043
-2.4738202
-5.3867207
-1.7542579
3.7763588
-6.381351
-2.7761004
-0.2702656
-3.4361153
-0.38525638
-2.3487322
-2.9931512
-1.0667828
-4.5026455
-1.5105909
-3.476136
-0.90196186
-2.781111
-3.7177548
-3.5436776
-2.9222412
-3.576093
-2.4442666
-2.5901825
-4.680499
-5.748074
1.2561309
-3.9071789
-2.1865196
-3.3159628
-1.6870061
-3.6367047
-4.673743
0.87746173
-4.487027
-2.3250325
-1.2866327
-2.302797
-3.056864
-2.2769306
-4.757578
-2.634023
1.4230701
-1.9992712
-2.373569
-0.034125708
-1.9494345
-3.736882
0.45218387
-1.9523151
-3.2509704
-2.4800537
-0.2621815
1.7665569
-6.063364
-3.776454
-3.2828095
-0.65856004
-5.070486
-2.20809
0.19595173
-0.5193299
-0.6884525
-4.0568814
-3.3777933
-1.7403108
-0.9706015
-4.6938524
