0.7999232
0.92468333
1.0571799
0.9884841
0.921072
0.9216037
0.8776816
0.90600616
1.1483355
0.9863118
1.098756
0.8977743
0.94462353
1.041605
0.9705006
1.0142558
1.0624115
1.069075
1.0509764
1.0936478
0.89533395
0.6445256
0.8681705
0.96809804
0.76797634
0.92953223
0.87812626
0.9490474
0.7716994
0.9367618
0.9286025
0.87713265
0.87124026
0.8733382
0.86801064
0.83893156
0.9161392
0.81060255
1.0348178
0.9447526
0.9558162
0.91460526
1.1419307
1.0254611
1.0606058
0.9743488
0.8461597
1.0128348
1.0006329
0.99147826
1.04458
0.92169315
1.1204957
0.8361844
0.93131685
1.0366393
0.9079281
1.1142849
0.8994768
0.96160537
0.9842682
0.9574008
0.9321792
0.8749002
0.8939228
1.1920894
0.85118103
0.9547665
0.96719784
0.847578
0.8954841
0.96473366
0.8962852
0.9732571
1.0416728
0.92946327
1.016332
0.9447801
0.8962998
0.9433531
1.084535
0.9323863
1.0214803
1.0407466
0.7995046
1.0431458
0.9466371
1.0160159
0.85707086
0.96469873
0.78737485
0.9571914
0.72329164
1.0183262
1.0215847
0.9501251
0.8828131
1.0244075
0.8374936
0.7856059
0.867671
0.89820325
0.80178714
0.95170903
0.9971644
1.089853
1.1185932
1.0219936
1.0488995
1.0037982
1.0535532
1.0662342
0.7518033
0.98203385
0.8059022
0.9153521
0.9272032
0.9062123
0.88305515
1.0156164
1.0509064
0.9268724
0.95291245
1.0497324
0.95681304
0.99153703
1.013343
0.77287126
0.966135
1.0266562
1.0621108
0.8135515
0.7966132
0.9285617
0.90261877
1.1139324
1.0694828
0.98465985
0.94562256
0.9671077
1.0248716
0.93464017
0.73295575
1.0341266
0.81701344
0.94635844
0.8257369
0.88475186
0.8982191
0.9663285
1.0783951
1.089903
0.92582875
0.98107994
0.9890829
0.8376316
0.75477684
0.9151384
0.9287694
0.93352264
1.0935959
1.05849
0.9355424
1.0238248
0.7008965
0.90044564
0.819581
0.88871306
0.9245869
1.0582609
1.0248399
1.0025449
0.9703408
0.92525774
0.9410737
0.8507753
0.8084641
0.8112062
0.9748793
0.92004555
0.9046923
0.6184406
0.9790077
0.87976366
0.9978093
0.9012531
0.97971267
1.0702393
0.943059
1.0261425
0.8040086
0.94269115
0.8494328
0.88900197
0.8946668
1.0708783
1.0101105
0.85727257
1.0542864
0.8106566
1.030406
0.9809249
0.8548804
0.90684533
0.75725883
1.0043654
0.9081186
0.820293
0.8830556
1.0920871
1.0316706
0.8179463
0.9048878
1.151579
0.924255
1.0423015
1.0160987
1.005698
0.9929248
0.9578998
0.92156225
0.95541435
0.81463873
0.94827116
0.94413006
0.93149626
0.97502786
0.8513035
0.86057025
0.9465029
0.8828274
0.98480874
0.98553103
0.990725
0.92640316
0.9359083
0.96265006
0.951328
1.002812
0.7613041
1.0410776
0.9862064
0.8874043
0.88801193
0.9326352
0.87324977
0.9724598
0.98999864
0.9640931
0.94447017
1.0353347
0.9144387
1.0214486
0.9109307
0.8091169
0.9990207
0.873
1.066159
0.87772715
0.98571783
0.9711231
0.8239986
0.88597184
0.9962265
0.9900568
0.89377487
0.9909623
0.8277092
0.9905982
1.0869433
0.9279756
0.93742436
1.0327402
0.9356043
0.9394696
0.94853777
1.0420343
0.92635584
0.83713543
1.1135501
1.0094868
0.9190723
0.8523553
1.1047945
0.960415
0.9572971
0.98555046
0.9132072
0.95700336
1.0721931
0.657307
0.8961736
1.0023142
0.98827475
1.148217
0.7661751
0.81905794
1.1217407
0.926859
0.857347
0.93517625
0.8357252
1.0698497
0.9626785
0.9896728
1.0183306
0.93880326
0.99818414
0.778218
1.0655175
0.85987425
0.841927
1.0074643
1.0565991
0.867256
0.9193141
0.982118
1.0012295
1.0983328
0.9552413
0.9181198
0.74208516
1.051679
0.90384585
0.95025766
1.043593
0.9321507
1.062052
1.1153035
0.8046786
0.9925861
1.0467068
0.80782205
0.823341
0.94636756
0.82775825
0.89446247
1.0264565
0.90226364
1.1136425
0.89893115
0.9497745
0.95438343
1.0057986
0.92142403
1.0106448
0.85785735
0.9457092
0.8896393
0.99957573
0.88747704
0.8836668
1.0326803
0.9863428
0.80329657
1.0065145
0.98013294
0.9955863
0.95199084
0.93573606
1.0151076
1.0279413
0.9604223
1.0620648
0.7966031
0.9679511
0.9584725
0.83492166
0.97227997
0.7741758
1.0173472
1.1400385
1.1500372
0.8692174
0.7717848
0.8225231
0.7727381
0.986691
0.9778107
0.97373074
0.8701391
0.9289363
1.0608366
1.0094087
0.9799418
0.9335647
0.97749466
0.9243155
0.90856177
0.92649454
0.9804143
0.98978835
0.99970645
1.1937648
0.7837331
1.0521415
1.0264425
0.84506047
0.97952354
1.004723
0.93552125
1.0798336
1.0031368
1.0123553
1.0324118
1.0506814
0.99136084
0.93909883
1.0717206
0.92145973
0.9403285
1.009662
1.003476
0.9032723
0.8606815
0.8303105
1.1336819
0.9642511
0.91355854
0.9529203
0.972783
1.0238736
0.99606466
1.0310473
0.9881347
0.9009214
0.95676136
0.94098234
1.0136865
0.9578367
0.85321355
0.9488098
1.0575625
0.81826854
0.947441
0.91481054
0.8436583
0.8775772
1.0151162
1.0310521
0.9920023
0.7527096
0.87023926
1.0193009
0.91062635
0.9051954
0.9075804
1.0355763
0.8435718
1.0143027
0.8631539
1.0926746
0.9003331
1.0579414
0.92153543
0.89195204
1.0187465
0.91693425
1.0378157
1.017096
1.0257238
0.84658366
1.1076916
0.9476855
1.0271028
0.8941466
0.9983442
0.9953842
1.0332947
0.98807514
0.915576
0.87297094
0.89449424
0.8303214
0.76387817
1.008302
0.95051503
0.94164276
0.84466016
0.8167287
1.0078629
0.9662617
0.8357997
1.1576458
0.96405643
1.1189733
0.7936654
0.9708211
0.73904234
0.9928939
0.7332902
1.0134637
0.903119
1.034164
0.86080575
0.94250387
0.9254216
0.94664013
1.0159241
0.8357081
0.9699765
0.87293863
0.79462606
0.9373421
0.9953749
0.8733829
1.1426084
0.95120883
0.7801887
1.0071048
0.97110504
0.91842073
