-4.1601367
-3.1797392
-2.904265
2.971571
3.0517304
-3.1238117
2.7854152
2.131246
-1.6131634
-3.263815
-1.5827298
-2.1266057
-1.3670003
-0.17680836
-3.892068
1.1202897
0.57092685
-0.5176487
-2.6303954
-3.1507907
0.6739047
-8.123316
-2.815581
4.138544
-1.2893575
-1.7093341
-0.0329149
-6.879656
-3.6276608
-1.9563746
-3.5703266
0.009636233
3.829089
3.4541519
5.187038
6.2975364
2.1875954
3.7817585
0.35872528
-3.4565282
-1.3969167
0.13229728
0.045964964
0.71161485
0.61622804
0.10102784
-2.6642883
-3.1803267
-2.0609496
4.277191
-2.3698566
-2.238628
0.37289032
0.34297243
4.363741
4.84766
3.6378853
-0.55377096
-0.2340332
-0.12757786
-1.2017062
-1.5163022
-5.107927
0.21463326
3.0326867
-1.639897
-1.9042889
-1.4317586
-0.060613137
-0.96802336
0.8732603
1.5409795
0.46941736
0.65848714
-3.8105745
1.6277685
2.8680122
0.25956413
-1.4174519
-6.7828617
-0.16427843
-0.81493837
0.7940757
0.0237265
-4.5802665
1.3260485
0.17215382
-3.4996443
-0.032042645
5.057321
-2.549206
-4.1911654
-4.071622
0.7206854
0.16782784
0.49399322
-0.06292799
-2.0001776
4.549314
2.646831
0.3614895
-3.8204002
-0.14310116
-2.8123598
-2.6831512
-2.9801323
-4.2883987
0.078056455
0.92549855
-0.49989602
-1.311949
-1.0712073
-4.643385
-2.0366936
-1.5225617
0.25985736
-3.0610664
2.4681015
-0.83803034
-0.3586755
-4.7599845
1.201565
1.5702504
-2.6576953
-1.7176366
-2.9232464
-1.0348567
-6.197491
-3.1949065
1.8522813
-2.9277174
3.538929
2.5670547
1.031658
0.39770496
-2.6247857
-5.4439106
-1.4205151
-0.07477206
-0.78158534
-5.676769
5.2386055
-6.529647
-3.4875903
-2.5015323
-1.5324761
0.84675133
-0.8063951
-2.2125108
1.2849947
-0.42828447
-1.1822267
-2.2203953
-4.1790504
2.1021264
-2.5780697
-5.5619254
2.2851253
-1.6853173
0.54850096
-1.5534993
-5.811217
0.8949391
-1.0652058
-6.2885356
-0.29701495
-1.9407133
-3.868256
2.4289317
-0.36176062
-3.5235898
0.61178833
0.45782807
-0.6780174
-2.397919
-2.9584308
-3.7580247
0.16240504
-0.20204772
-0.22814049
-3.605388
-5.841055
-1.4111758
-3.2338312
0.86010927
-4.641518
-2.698448
-0.27799538
3.6956797
-3.200949
1.0314372
2.3320034
-2.4233315
-5.4392858
-2.9221485
-0.050884034
-3.821429
-0.78228855
0.39576945
-8.873242
-0.15168159
-0.04107336
-0.37002432
0.8476376
-5.9925423
3.2948046
3.708011
-3.0531516
5.711995
-1.214669
-3.2146168
-1.0122112
-4.2596345
-2.0943468
-3.2156246
-2.6795058
1.1930139
3.1064034
-1.2354072
1.9903296
-0.19001403
3.4153037
-1.6675881
2.259022
-2.2595074
2.5853317
0.03427701
-1.597188
1.8936821
3.4999435
1.1382762
-5.9301553
-0.9290031
0.525886
-3.678866
-5.7358055
-4.528731
1.6662478
-7.315854
-4.885542
-1.5448886
-3.5770288
-1.7780402
1.7678394
-0.7307934
-1.1842254
-5.90642
-4.90853
-0.55866647
5.9832783
-0.2154704
9.653829
0.16267608
-4.3950534
4.0685387
-1.5584847
-0.9608978
-1.8954822
-3.3009043
-4.9150386
-2.849924
0.5117581
4.8003497
0.38278282
1.4375763
1.1526723
-3.980312
1.0775015
1.3688309
-0.98432106
-3.1452978
-2.8733768
-4.113923
-2.6274514
-3.4383938
-0.8258728
-2.8051605
-1.7659199
-7.4744606
-2.873287
-3.6580634
1.9988098
-5.812255
-1.2770516
-3.7662802
2.419376
2.093556
-1.667826
-1.9211771
0.2637684
-4.805259
3.692036
-1.7165341
-1.0631316
-0.6108659
-4.172456
-0.90630627
-2.4850798
-3.3279529
3.8523011
-0.97604066
-1.6720163
3.1321504
-4.965172
5.2946587
-1.0016813
2.454454
-1.5527989
-5.676734
-3.4178033
0.48473912
-1.400033
-0.25219664
-2.3594887
-3.5804474
-3.6685076
2.2425373
-2.508492
-2.8097556
0.018304178
-0.8731929
-6.313596
2.9822814
-2.9552722
5.8759303
-0.8962775
-3.2153175
1.1301574
-1.6120868
2.5845766
0.34950662
3.2472122
-0.57254654
-0.88807654
6.563049
-1.8213928
2.0199919
-4.5848646
-4.1525707
-0.51313084
-2.7336764
-8.227165
-2.5996203
-2.77458
0.109258816
-2.3689144
-2.341721
-1.7055433
-1.971713
-5.3729796
-0.035041485
5.5381804
0.4085612
-4.785562
-2.7492878
-0.5032073
-3.541378
-2.8286803
-0.72286165
-2.406133
3.1037614
0.037776206
-0.29359958
-4.28359
-0.9054946
0.9439586
-2.1970372
2.099719
-2.6636786
-4.4565024
-3.6946642
-2.142434
-5.094606
-4.551714
-2.0089536
-3.1404214
0.26665023
8.450367
-3.1525674
3.124506
-4.2398324
5.6243615
1.971514
0.40003362
1.8730971
-3.1648161
-1.4033273
-2.38029
4.992237
-3.1209962
-2.54157
0.5225956
0.6803391
-4.1780634
-6.482653
-5.0588007
0.2643537
-5.1315427
-0.037965566
-0.68811864
-1.3524823
-1.0161822
-0.14336999
-4.8989096
-3.1572547
0.18077278
-1.3568251
-2.0876522
0.90003705
-3.067116
-2.8899407
-5.5909915
-2.0888515
-1.1209267
-6.435935
0.14136659
-0.3595852
-2.638659
5.1287713
-1.041678
2.2367299
-1.3634505
-1.3959211
2.383372
4.1967726
-3.114267
-4.88223
7.0136094
-3.743596
-2.6007013
-2.1224868
-2.497075
-0.20778935
1.8559589
-1.6210325
-1.691532
-1.5112108
-0.22776997
1.1907542
-4.087473
-2.5427966
-6.4037924
0.09506306
-0.8733202
-1.777778
-4.1636324
-0.2509753
-0.8515215
-7.205221
-4.0097737
-1.1755857
-0.29230067
-1.781749
-1.429651
-3.8143342
-0.3828162
-2.4901068
-2.2681847
-1.4939256
-4.548204
-0.8136875
3.0562854
1.7310042
-0.56275874
2.5854585
2.7719064
-1.4026575
-0.34946182
1.3019743
-5.2420225
-0.5271172
1.0895268
2.680118
-2.2249265
0.5339858
3.4702852
-1.7210691
-1.1591707
-0.20695983
2.6354992
-1.1789538
-2.300239
-1.8448558
-2.520215
3.0946782
-1.850525
-6.921557
-0.2570254
-3.7806602
-2.3418586
-5.7945724
-2.490339
2.6218376
-0.21981436
1.3645939
-1.287543
-1.0515989
-3.0803928
-2.543231
-4.812229
3.1273727
-3.6246078
-1.3250482
1.8306085
-4.003406
-1.712219
-3.5482235
-1.702146
2.8197122
0.92318577
-2.4947484
-6.461729
