21.40344
18.423046
23.608156
26.088036
22.508621
20.485659
21.57499
26.114002
22.236797
24.745773
18.660774
23.93741
23.363022
25.248672
22.543522
22.647669
19.040215
21.365574
24.084352
20.690771
24.408241
22.554943
15.763443
21.560957
19.075523
20.9525
27.8007
22.349075
16.695452
16.058922
19.129292
21.85606
33.394714
24.16986
23.962658
27.824854
17.83212
22.93761
21.178812
20.909258
16.639315
20.2426
21.93947
22.959486
21.374668
28.084658
18.184114
16.733559
19.689547
23.33279
20.180471
16.941998
26.924694
19.94869
21.252707
21.345854
25.211346
26.694344
21.253805
19.738695
23.764093
17.746603
21.413675
24.526243
20.932344
22.933327
19.655046
19.794914
21.36155
17.942104
18.768827
24.99322
20.963722
23.717363
13.163862
16.936367
25.396156
23.555822
18.606909
21.326649
18.272133
23.530367
20.056046
17.939524
18.650467
20.92815
22.283274
21.57769
26.712364
23.588968
19.083258
26.676893
28.830091
21.885437
25.320707
20.958591
15.527693
24.40695
21.600864
19.66833
19.45165
22.966816
25.059847
22.606369
18.791145
20.02792
18.373184
25.518509
17.677479
17.1622
22.45362
22.890526
20.688044
21.475088
23.15577
22.601025
20.062458
22.222982
18.770588
18.367981
18.20453
22.212858
20.849455
18.580856
21.154997
23.70086
17.778166
24.359177
19.97407
17.714428
20.476728
19.257004
20.33655
22.860575
18.361698
22.707659
21.713793
22.110909
21.683144
20.195442
18.53107
19.692009
28.70193
20.074553
26.137785
21.148104
24.293442
20.460722
19.869778
20.120789
19.034021
18.204014
16.416275
20.190884
24.678675
16.444054
14.402843
16.436176
17.282324
19.502792
24.62992
18.998125
20.839085
20.57594
33.46787
22.15003
21.393522
22.960518
18.9135
21.771683
19.157932
18.074642
20.000078
24.111591
20.889288
27.385832
16.228617
17.884253
24.131771
22.487787
17.713394
14.330868
20.640755
30.036837
22.1252
16.494379
16.188814
20.756826
23.05239
18.965372
21.78868
19.32272
18.466005
19.319817
17.997702
22.996273
24.044924
20.181458
20.227722
22.392622
24.463327
22.840662
22.44458
18.249603
18.731874
21.272043
20.659939
20.688074
24.542887
18.734512
16.589676
27.0387
22.848185
19.667688
18.002651
16.803722
21.402452
26.388987
19.00908
21.32475
18.060038
22.582111
16.963085
22.415113
16.983526
21.011833
21.105314
17.899355
20.4864
21.768078
21.698528
19.530642
25.750795
15.606935
22.29968
17.213875
21.762737
19.636333
18.745361
17.803629
20.804594
25.86165
17.902647
16.17717
26.700836
25.601656
23.342009
18.714458
23.447084
28.04224
23.29045
22.913876
18.926172
20.670725
17.319746
24.533453
19.153076
19.143766
18.481672
23.671795
19.858858
18.50488
23.725925
18.755787
21.76291
24.527962
20.09724
19.142422
20.472277
21.21677
18.299778
19.48132
19.118423
21.723648
16.499062
20.120604
18.040169
18.006626
18.212503
22.307217
19.77111
20.094131
29.747688
18.334785
21.559929
21.79833
20.320288
20.380747
19.47504
21.556957
22.987637
20.79502
15.934863
19.804653
21.861185
41.051064
17.839691
22.044035
17.465303
23.067215
22.031937
23.255417
19.922813
22.191532
21.164255
20.116415
20.850765
18.740417
25.864477
23.041578
19.092089
19.66386
19.504805
19.806465
19.907505
17.79998
17.236996
21.281942
19.895199
23.81765
22.250671
17.580202
21.722956
22.335176
24.930786
20.888735
23.621105
26.68254
21.327354
22.233852
26.310316
23.07377
19.786383
16.418385
19.101894
22.846233
19.163195
20.6524
19.768255
22.582632
22.091492
24.748175
21.827457
21.943169
24.495924
22.9988
16.630312
24.753414
19.21593
24.522455
18.531551
22.747406
18.171005
18.540297
20.790195
27.133747
22.780214
18.378511
19.562477
21.585121
27.684313
23.05328
18.23733
22.06177
22.683266
23.122124
22.10882
19.740492
19.808857
25.899628
20.998125
25.018787
20.096998
21.975742
15.431423
18.48771
28.255707
21.70363
24.287779
24.15917
20.191824
24.06953
17.045614
23.70614
16.641838
19.779367
17.811987
17.736181
22.769966
21.491623
18.246891
19.177288
20.7874
20.006613
20.368673
21.395407
19.672575
31.635256
20.436815
24.69107
30.828648
20.85541
18.422516
24.617825
19.538216
16.806936
21.924152
21.148245
20.555828
22.555197
18.41351
19.51902
24.307404
17.982332
23.899055
16.86812
20.435556
20.82311
21.165943
23.687649
23.1378
18.179306
20.879572
20.2333
25.962788
19.903885
22.215433
26.612848
19.594994
15.994731
18.596237
19.953962
25.265968
24.621181
20.714745
16.337763
21.812649
28.31234
21.688852
20.107811
24.709604
34.19008
21.266193
18.146217
16.43278
22.111357
18.824764
24.204082
23.647852
18.241196
19.31075
24.241459
24.69345
20.814728
16.218607
21.101904
20.87485
23.594267
21.011559
22.188173
21.446558
20.187922
23.425913
20.949167
26.138779
20.484201
25.8533
18.898783
17.878286
16.682587
18.060432
18.166842
24.817049
24.063713
21.2459
20.755512
26.468596
19.527054
25.03673
17.07852
18.438059
22.128422
20.602633
17.560295
22.97402
19.014927
23.472986
20.281506
22.250868
25.015015
16.377487
20.118853
23.375137
21.54177
19.153238
21.386862
19.945251
18.33119
23.535786
17.77493
18.510576
26.376564
23.280916
18.99866
18.996193
18.988144
20.363194
18.943394
20.663105
24.327183
20.81314
20.048607
