-0.26938367
-0.34439436
-0.3791077
-0.34981212
-0.29378742
-0.22517377
-0.38102862
-0.368115
-0.23956004
-0.3519853
-0.26181594
-0.336272
-0.3200476
-0.3679691
-0.34946015
-0.3593999
-0.22220449
-0.18011332
-0.33607143
-0.41795483
-0.43869075
-0.07500696
-0.42859802
-0.4071593
-0.36083487
-0.42049077
-0.378925
-0.19795544
-0.2527373
-0.32343993
-0.36753508
-0.3737151
-0.4095286
-0.31120145
-0.33714357
-0.43963006
-0.2750929
-0.3497835
-0.37043315
-0.21959335
-0.34823722
-0.23267378
-0.2739568
-0.3351348
-0.3041298
-0.21578695
-0.39640644
-0.36186445
-0.34618074
-0.3304045
-0.38042173
-0.4100647
-0.35451344
-0.395427
-0.3273858
-0.25088146
-0.40962243
-0.34808916
-0.3365234
-0.34816357
-0.36559892
-0.3063795
-0.38647273
-0.2936626
-0.4251363
-0.31281844
-0.26357213
-0.27652442
-0.3169597
-0.33323762
-0.40122753
-0.3189266
-0.36285472
-0.31224948
-0.23168232
-0.28700665
-0.29009083
-0.4293287
-0.38681337
-0.40186292
-0.34106302
-0.24979946
-0.3204433
-0.3057126
-0.30099255
-0.32492203
-0.36730143
-0.2551167
-0.3972434
-0.41662163
-0.39940208
-0.29491916
-0.19752583
-0.24557582
-0.23692216
-0.362364
-0.41250032
-0.31514573
-0.3335221
-0.44841716
-0.38142824
-0.2985281
-0.3228629
-0.32051712
-0.19162114
-0.3740119
-0.3257821
-0.39151496
-0.27098462
-0.29039705
-0.3202046
-0.32699606
-0.27010483
-0.37553716
-0.32845598
-0.2467402
-0.28693485
-0.32191083
-0.35386336
-0.20673443
-0.23627616
-0.36140034
-0.35933903
-0.2580975
-0.306882
-0.21496016
-0.3379753
-0.12978587
-0.3382611
-0.23432378
-0.25519866
-0.3604697
-0.32759032
-0.44924846
-0.3966108
-0.34763446
-0.2666999
-0.30886096
-0.36632165
-0.35365924
-0.29489586
-0.3916541
-0.2299999
-0.28716555
-0.19602862
-0.3041861
-0.32862383
-0.38068816
-0.37082684
-0.3500174
-0.25934613
-0.27157745
-0.30274045
-0.28331068
-0.31425753
-0.26914
-0.3822749
-0.3272012
-0.31304032
-0.29520646
-0.28910607
-0.2623504
-0.3434224
-0.33770502
-0.12354733
-0.27372798
-0.28106105
-0.44326416
-0.37974563
-0.31665364
-0.25046173
-0.3020191
-0.32611886
-0.43166724
-0.47500384
-0.36330307
-0.28351992
-0.36298478
-0.32580847
-0.32700926
-0.34699473
-0.32791832
-0.3999692
-0.29375872
-0.34231892
-0.3900354
-0.3981462
-0.28481793
-0.31504267
-0.26658067
-0.40371686
-0.3027337
-0.37981054
-0.26154917
-0.46365622
-0.36839008
-0.36676988
-0.43239293
-0.2650047
-0.2394744
-0.27393934
-0.31981546
-0.3144695
-0.3429417
-0.26190078
-0.26445377
-0.32386678
-0.3640737
-0.4203939
-0.332179
-0.34871837
-0.38321686
-0.3149393
-0.39826843
-0.3128886
-0.32201397
-0.34859124
-0.42391032
-0.3147683
-0.40530547
-0.3311606
-0.32526383
-0.2892679
-0.38144433
-0.30737838
-0.23381425
-0.31725055
-0.3743899
-0.33162525
-0.37755018
-0.33864132
-0.2714747
-0.37137064
-0.385807
-0.3619921
-0.39283264
-0.18291196
-0.27426606
-0.30271208
-0.2677873
-0.36059996
-0.409874
-0.38085967
-0.41578206
-0.37337056
-0.38270706
-0.2683957
-0.34716806
-0.22753529
-0.4026074
-0.35836244
-0.36180624
-0.32008064
-0.32140517
-0.36703247
-0.34644118
-0.3800287
-0.3268748
-0.36233032
-0.27130932
-0.32952264
-0.26402688
-0.3229599
-0.28657377
-0.33615515
-0.42270952
-0.14426062
-0.39654642
-0.36433303
-0.27738342
-0.3662134
-0.27605492
-0.33746833
-0.30687988
-0.21869826
-0.26504835
-0.35179898
-0.295858
-0.19275992
-0.34796667
-0.30612195
-0.4143672
-0.1899258
-0.38317624
-0.21414658
-0.30653426
-0.2452404
-0.30779985
-0.357824
-0.35700968
-0.16466552
-0.32418764
-0.32012478
-0.3696055
-0.2365797
-0.1703098
-0.3923009
-0.24906093
-0.3516971
-0.35489735
-0.39652878
-0.4104962
-0.28727043
-0.3616387
-0.31900835
-0.3788917
-0.34308118
-0.44790083
-0.25918418
-0.2603509
-0.42083272
-0.37651128
-0.40507987
-0.2714803
-0.3555288
-0.39143544
-0.3261967
-0.37201747
-0.12680599
-0.40430906
-0.3858778
-0.329138
-0.1786459
-0.41283405
-0.31957263
-0.3358406
-0.3401598
-0.3055294
-0.28316924
-0.3823588
-0.32807657
-0.35481387
-0.28518307
-0.3860536
-0.37144768
-0.3090172
-0.3524796
-0.4031068
-0.41340825
-0.27235633
-0.35083106
-0.23438586
-0.43319586
-0.30025572
-0.44932604
-0.37521204
-0.33445472
-0.41834304
-0.283451
-0.29441178
-0.32726192
-0.35087684
-0.24828401
-0.35439485
-0.4512702
-0.32694215
-0.30029592
-0.41756284
-0.31118503
-0.42676994
-0.35459945
-0.40244564
-0.29279122
-0.33693808
-0.19577016
-0.34613475
-0.3118265
-0.34924048
-0.38279188
-0.17090268
-0.30730608
-0.293435
-0.33741698
-0.39607084
-0.27865896
-0.3410947
-0.21469809
-0.24222475
-0.36321035
-0.31311747
-0.3690142
-0.3501781
-0.1888707
-0.3404807
-0.40146324
-0.3674614
-0.32930198
-0.43798956
-0.28402606
-0.38736415
-0.34027284
-0.39708173
-0.3053095
-0.44802818
-0.19491525
-0.36058256
-0.31748584
-0.093517095
-0.31086782
-0.3661719
-0.3774818
-0.36781397
-0.26965678
-0.26866952
-0.22345561
-0.24748217
-0.303553
-0.3634444
-0.22395103
-0.40418696
-0.4340441
-0.36692595
-0.347421
-0.19734144
-0.28338882
-0.3417936
-0.40099677
-0.27523458
-0.29309332
-0.28617728
-0.43899542
-0.28867054
-0.3373295
-0.2256115
-0.44060048
-0.36584425
-0.41027325
-0.423088
-0.3760258
-0.24551454
-0.34321353
-0.35821462
-0.29689938
-0.38000813
-0.33133346
-0.33130902
-0.31331253
-0.34325173
-0.32150656
-0.27488944
-0.3514274
-0.08420516
-0.40479916
-0.33997473
-0.27733487
-0.437779
-0.39902318
-0.42437533
-0.16452178
-0.22673045
-0.27457827
-0.41436848
-0.40626106
-0.31145588
-0.3219276
-0.32341132
-0.2974823
-0.30393454
-0.36323708
-0.26777658
-0.37037015
-0.34522757
-0.2830789
-0.2174368
-0.34220493
-0.3904928
-0.37172773
-0.37714896
-0.31909433
-0.26934418
-0.29273924
-0.3203891
-0.3958171
-0.20340934
-0.4212579
-0.30172896
-0.3886076
-0.34008086
-0.44023323
-0.3034956
-0.28572997
-0.3532793
-0.23492567
-0.2502381
-0.39511418
-0.3133917
-0.21320026
-0.32815787
-0.37281352
-0.34674495
-0.25613594
-0.2376845
-0.32021973
-0.37471402
-0.33055866
-0.41710925
-0.23306434
-0.3632212
-0.30074054
-0.24761023
-0.28374523
-0.51715976
-0.18897022
-0.37425426
-0.36114857
-0.40250573
-0.40841267
-0.31463853
-0.40130326
-0.32564926
-0.33888876
-0.2709724
