0.8533738
0.96955967
0.96066576
0.8773024
0.994903
0.83460146
0.93814397
0.8770403
0.9846788
0.95076966
1.0143616
0.94210064
0.89191484
0.96592313
1.0134188
0.9902701
0.97234875
1.0670639
0.9111705
0.9434745
0.9719547
0.8467126
0.9199182
0.8392079
0.955795
0.9541098
0.77963585
0.901536
0.94470733
0.93700355
0.96849144
0.7890874
0.8415116
0.85184973
1.0339988
0.93899405
0.79218423
0.8388282
0.9329558
0.9057803
0.92837894
0.9607565
0.9500143
0.87452
0.9066676
0.94580424
0.97285753
0.9673414
0.91002846
0.97880065
0.9074958
0.9638751
0.8561855
0.9437992
0.82985646
0.8814589
0.84413856
0.9797072
1.0491625
0.99081534
0.7970193
0.9158796
1.0194155
0.9905625
0.95282054
0.97614
0.99313027
1.0367146
1.0237719
0.90898633
0.84650457
0.8437139
0.9035154
0.8003732
0.86628884
0.97052014
0.7397888
0.8834067
1.0214288
1.0084264
0.90965587
0.9965862
1.0287639
0.8239649
0.95204616
1.0415391
0.9420677
0.65780437
0.76747924
1.0208083
0.9929076
0.91924214
1.0878255
0.9166849
0.871171
0.92441815
0.9749743
0.86042094
0.9749292
1.075821
0.9631322
1.0123103
0.9448303
0.88655454
0.925214
0.8398989
0.8787168
0.8762551
0.96397364
1.0021416
1.0640843
0.7850799
0.86119854
0.86069345
1.0006171
0.8591659
1.0089451
0.9016965
0.92336017
0.8964519
0.9718836
0.87894845
0.68527865
1.0165699
1.0588254
0.98818266
0.92738163
1.1013983
0.9951873
1.0583841
1.0693612
0.8990624
0.9120697
0.8536521
0.8182946
0.97582936
0.8980087
0.7735966
0.71011525
0.99909407
0.9408919
0.9716874
1.1858269
0.87397707
0.82549155
1.0068237
0.9632274
0.9575221
1.1223553
1.0415299
0.8514682
1.0410664
0.9327079
0.90458214
0.97740597
0.9049453
0.82220894
0.9428305
0.96114504
0.99411535
0.8373214
1.0707415
1.0482371
0.99449724
0.88426405
0.89680165
1.004823
0.90739244
0.9477408
0.90816325
0.795265
0.90052736
0.90455145
0.80529284
0.8708911
0.95207745
0.95081156
0.9764606
1.1127102
0.8824725
0.9124042
0.88985753
0.94292814
0.94924796
0.8429846
0.8370526
0.9862773
0.80960053
0.9021121
0.9861764
0.8018789
0.97893333
0.8810701
0.9249078
0.921611
0.9178472
0.9647633
1.0969462
0.89006996
0.97986805
0.82736814
1.017702
1.011343
0.99786663
0.8625696
0.92792875
0.85727245
1.0198404
0.8888166
1.1415832
1.0356013
1.0569137
0.7435174
0.95641583
0.94591284
0.844593
0.8972872
1.0166045
0.8999612
1.0250193
0.84974235
0.9457269
0.92917114
1.0085067
1.0324641
0.6875262
0.89426285
0.97050536
1.0007297
1.0046052
0.86160094
0.9494015
0.8666556
0.9406198
0.9645812
0.8868128
0.9278414
0.9255623
0.93938684
0.9593838
0.8952576
1.0386388
0.9476666
0.8862733
0.96111983
0.9252563
0.880334
0.92494035
0.98378295
1.034126
0.94468623
0.93723214
0.89543706
0.8454639
0.9443525
1.0032481
1.0852973
1.0390975
0.874542
0.8890951
1.168658
1.0326833
0.9942413
0.86573416
0.9434279
0.8988501
1.0502487
0.90464294
1.0405682
0.94728124
1.1469682
0.8583699
0.7998061
1.028
0.8633177
0.9869198
0.9626708
0.8047464
1.2047256
0.8675849
0.9999376
0.923079
0.9764968
1.0662067
0.96112174
0.962626
1.1711943
0.9239587
1.0148517
0.91523165
0.8096604
0.9461626
1.0953023
1.0634028
0.8222705
0.8581824
0.8317286
1.0774994
0.9733931
1.129782
0.89888173
0.99508345
0.948901
1.006161
0.8381017
1.0403436
0.93969893
1.0002462
0.90223587
1.0037136
0.8222114
0.88842195
0.91033965
0.7733992
0.90855765
0.8470445
0.92879695
1.021258
0.96187836
1.0147152
0.85779667
1.0178984
0.9475508
0.93706334
1.0239437
0.98131305
0.8750433
0.9792265
0.9671806
0.935285
0.9762579
0.8582183
0.81388414
0.8091566
0.8114912
0.84026194
0.92330587
0.9811325
0.9834748
1.0014908
0.8620956
0.9398005
0.81654125
1.004951
1.0990164
1.1026291
0.846131
0.7911325
0.9183004
0.7999706
0.8896995
0.9441568
0.8950756
0.8621117
0.9729976
0.8901797
0.8971338
0.99891084
0.9328209
1.035887
0.93712145
1.0095015
0.7980029
0.8194409
0.9409926
0.9045583
0.8693509
0.9863639
0.9055794
0.88398695
0.9776688
1.0054165
0.78323823
1.0215696
0.88764054
0.9729744
0.91266483
1.0320425
1.0619843
0.856908
0.8181704
0.9737091
0.83157855
1.001389
0.73214823
0.90921605
0.9026336
1.0350147
1.0167683
0.67048514
0.8442794
0.9726842
0.9511131
0.9834628
0.86345285
1.0362049
0.8834798
0.962728
0.86607593
1.0292889
0.9346356
0.85329896
0.77784014
0.7615334
0.9341023
0.76687455
1.1300004
0.9398896
1.0490391
0.92690545
1.0994033
0.8446121
0.77460676
0.89608157
0.9286957
0.8207113
0.9675435
0.88346565
1.076487
0.9646795
1.125488
0.91127074
1.002811
0.9449336
0.9323601
1.0107785
1.0203422
0.897739
0.9922727
0.981643
1.0125898
0.9150399
1.0281445
0.7796628
0.93929166
0.88707626
0.870438
0.9213673
0.9072407
0.8950931
0.99043083
1.0004745
0.83095914
0.7713541
0.90472007
1.088458
0.8925088
0.96373606
0.999946
0.77113277
1.020764
0.9834343
0.7466807
0.9895105
0.7756273
0.8036131
0.99570554
1.050924
0.8279946
1.0274966
0.8415126
0.96884185
0.9910969
1.0010524
0.9605137
0.96846354
0.97525537
0.8802035
0.95417404
0.8917232
0.99992216
0.7960162
0.85832775
0.9354043
0.9457442
1.0914077
0.9508442
0.8484973
0.98269737
0.82515436
0.96509564
0.89715207
0.89139
1.039269
0.9457322
0.7128427
0.8124208
0.94862765
1.0195167
1.0101067
0.9812247
0.85447514
0.96761066
1.0178771
0.9814644
0.96119916
1.000636
0.94807315
0.854183
1.0481004
1.0132768
0.86242604
0.95635086
0.8596953
1.0318795
0.92869234
0.9877576
0.86269623
0.96083707
0.75208855
0.93901944
0.9430659
0.7837397
1.0700476
1.0779092
0.9560538
0.88292646
1.0146666
1.0029091
0.8887224
0.8476688
0.91056174
0.76590747
0.92159164
0.8766041
1.0124482
1.0384791
1.0224391
0.8927943
0.9402291
1.0596131
0.96313846
0.92451227
1.0093498
1.1005274
0.8695892
0.92535436
1.0548457
0.8603063
0.9568423
0.95562017
0.94801897
0.8285567
1.0467308
0.8612818
0.7555255
0.84214586
1.0388168
0.99444634
0.80268407
0.8434242
0.83053976
1.0448384
0.9106863
1.0497398
1.0589956
0.94485754
0.6943307
1.1664697
0.79247177
0.9585328
0.95018554
0.92429703
1.0228374
0.7772818
0.82493937
1.0039753
1.0263711
1.0653856
0.8911987
0.90715134
0.9524146
1.0550023
1.0368556
0.94931823
0.8344529
0.92255145
0.86596435
1.0048496
0.93877
0.9884002
0.96227837
0.9159119
0.8262485
0.9225411
1.0350941
0.9993087
0.9490291
0.9023318
0.89723766
0.9449887
0.86053413
0.9512104
0.9762696
0.9916156
0.7595734
0.8942885
0.9410586
0.83406657
0.912865
0.9977062
0.9442224
0.7485693
0.93992025
0.8839834
0.96425474
0.9576891
0.8853236
0.9700893
0.7942537
1.0125378
0.8747653
0.9958294
0.89543915
0.9848465
1.073811
0.9193007
0.99125195
0.7530697
0.9644158
0.9994017
0.92610645
1.0171864
0.8655166
1.0466099
0.9691943
0.8367866
1.0086462
0.94003296
0.9514515
0.8542834
1.0830328
0.97110295
0.81881166
1.0034969
1.0856675
0.8514931
0.8396156
0.9264694
1.0365238
0.99006444
0.88415504
0.94690067
0.98210764
1.0084808
1.0278093
0.98458076
0.84981817
1.0162338
0.87695503
0.8701855
0.9845948
0.8688168
0.85198945
1.070688
0.9809615
0.9540142
0.95079625
0.7737993
0.92087716
1.0646069
0.86104393
0.9900818
0.8537869
0.97241944
1.0227114
1.0319769
1.0048708
0.8999103
1.0183225
0.9672642
0.90934134
0.7755087
0.8832176
0.8594315
1.0261891
1.0344616
0.8959638
1.0428194
0.93048906
0.8818953
1.0007155
1.0421883
0.931465
0.9274512
0.9551868
1.0262092
0.97671545
0.77682114
0.9254278
0.9342578
1.0870433
0.9821668
0.8867356
0.89470685
0.9502634
1.0740832
0.9116593
0.85877603
1.1128933
0.7875399
1.0396495
0.9052039
0.9299367
0.84252346
0.9056989
0.79927224
0.96254045
1.0086032
0.9512879
0.79014474
0.8973179
0.91629404
1.0256692
0.9607639
1.0064695
0.8019899
0.99500567
0.9566863
1.043836
0.92529714
0.87481153
0.92874056
0.9398488
0.9129093
1.0292689
0.98568183
0.87263185
0.8013412
0.9524141
0.98777217
0.9221343
0.7681626
0.8743782
0.99683017
0.85107
0.8437633
0.9500875
0.8799191
0.97805494
0.89323986
0.9000993
0.8944799
0.92183024
0.935796
0.76627815
0.8900248
0.9648382
1.1626896
0.8952456
0.8989019
0.8981193
1.0098923
0.9669382
0.8424225
0.90531546
0.9544581
0.6740439
0.9908899
0.89543027
0.95273805
0.84787923
0.8433219
1.0080243
0.9278258
0.81859905
0.9324429
0.83474857
1.0012798
0.9895696
0.8754907
1.0778886
0.8579102
1.0051587
1.0497904
0.92844504
1.1665566
0.95003307
0.906326
0.88413143
1.0480354
0.8794107
0.9375
1.0182697
0.9577669
0.94890964
0.95592135
0.86121356
1.0390551
1.03004
0.8116416
0.9044327
0.8460034
0.97800934
0.9648821
0.9291253
0.8764602
0.90733117
0.9763426
0.9984967
1.0661343
0.9074125
0.8572909
0.91743726
0.83118784
0.81142503
0.9191599
0.9629607
0.89133984
0.79822254
0.84405124
0.98043513
0.8668674
0.90550935
0.8949752
0.94368464
0.9371138
0.9487564
0.8879434
0.9501872
0.8722438
0.850142
0.891181
1.0405831
0.9460025
1.0249035
1.041592
1.0535817
0.95692396
0.96761215
0.9042256
0.89766896
0.8567656
0.9047205
0.96779853
0.9310544
1.0586684
0.87650925
0.6941602
0.9723874
0.8769798
1.0070509
1.0021596
0.77660096
0.85982376
0.94753385
0.99172115
0.934537
1.137464
0.8959436
0.9121795
0.9515276
0.9361339
0.8740948
0.99316096
0.9437993
0.98715645
0.87158537
0.9369364
0.83781433
0.81952244
0.9405967
0.93275934
0.8100955
1.0057063
0.74890935
0.9108739
0.895398
0.7923824
1.0263786
0.83312774
0.9218342
0.90047354
0.93984944
0.8849782
0.96787775
0.86424667
0.8796332
0.8030257
0.93485963
0.9146887
0.9013714
0.8602003
0.9023447
0.9603022
0.8988864
0.99363375
0.7998681
0.9963387
0.9629138
0.62697756
1.0255003
0.93405366
0.8730157
0.9533935
1.0087678
0.8217519
0.86768246
0.9749183
0.9458531
1.0461046
0.93729526
0.9379487
0.89633805
0.8826165
0.9321278
1.0378563
0.98571986
0.95917356
0.860264
1.0950791
1.09448
0.97809833
0.94589704
0.8269578
0.9245417
0.83138216
0.8022681
0.89694726
0.97019446
0.9731699
0.8535252
0.8693315
0.96911913
0.9100737
0.91357476
0.9140066
0.9893589
0.9299033
0.7898929
1.0887077
0.981792
0.86526626
0.9267365
0.9472671
0.9492194
1.0007442
0.95676726
1.0331045
1.0300149
0.77045023
0.99895716
1.0522858
0.99304944
0.89406925
0.9594831
0.9884091
0.8501187
1.1118987
0.95731014
0.92579615
0.9535162
0.9930354
1.0017421
0.8452402
1.0035836
1.0725051
0.78309256
0.8219807
0.8787269
0.9070904
0.9011468
0.9624069
0.9249907
0.93926716
0.99103135
0.9672261
0.90001917
0.85911775
1.0456
0.7780654
0.96420807
0.9923695
1.0758988
0.92779255
0.9746736
0.7936663
1.0045298
0.9399885
0.9361414
0.9465365
0.9627724
0.9888466
0.8478591
1.0644883
0.99143046
0.8881056
0.9816868
0.92938966
0.7444958
1.0280833
0.73954606
0.8460535
0.9272735
1.0415878
0.8102441
0.85442656
1.0591992
0.9829071
0.98610246
0.98756814
0.9096553
0.9766311
0.85404986
1.0188953
1.0003713
0.9944496
0.9065521
1.1210612
1.049714
1.0032667
0.8475806
1.0078036
0.94923663
0.9215233
1.045908
0.8418578
0.9732728
0.84943455
0.9503465
0.796834
0.8785102
0.9493785
0.95077235
