-7.6749287
-4.6559
-10.717967
-4.806639
-6.3851523
0.58499306
5.7086616
-10.314274
-6.2350216
4.3849716
-10.665583
13.433539
0.5229793
-5.6919127
-17.040812
-2.3409276
-6.3666844
-12.093832
-0.25566337
-0.77276444
-2.0629225
-4.6219115
-3.820351
11.420105
-4.7813334
-13.469088
-5.8635693
-1.7809247
1.4123833
2.2232428
2.8328047
20.084522
-5.135596
2.8425462
-5.622134
-3.1033823
-4.03869
-6.8152876
-8.9678135
-1.3056967
-2.0614202
-6.3709955
8.694011
-11.867634
5.8728266
-4.0255156
1.3144006
-3.101931
5.059215
1.5042267
-4.8047767
-0.47741386
0.8627855
-17.67066
2.9519162
-7.1850724
0.25259203
0.04932159
-3.8505194
-13.305483
-3.4023507
-5.3840203
-6.107531
-9.202259
-21.396402
-5.849757
-3.1149466
6.073591
1.916297
-6.2777348
-6.451261
1.45711
-4.5724893
-8.902859
9.036054
-9.226223
-14.023886
5.335969
-8.144006
0.49549487
-3.2961671
3.392312
-0.99819046
4.919436
-4.6738076
4.442413
-3.9529731
2.2467473
-2.6095326
8.555181
-4.4669013
6.320933
-2.1831017
-4.6068883
-9.589574
-2.7520943
1.126379
-4.6549253
3.0738358
-3.2256176
3.9468713
-11.650728
-8.504607
-9.724284
-0.34468848
-2.2466567
-1.0411297
-6.320159
5.7553144
-10.210191
-6.557579
-5.6867337
4.7076283
-3.118835
-9.912158
-5.0663776
-3.6675277
-14.150712
-1.5229435
-2.3068297
-5.96865
10.704303
8.351662
-6.8453064
0.7127448
1.6416872
-4.4153185
-8.948114
6.6227417
0.29795316
0.69060415
-2.9197228
1.7152051
4.9185324
-2.3525326
-2.8078117
-5.065095
-0.48489496
-21.018799
-3.2855902
-8.213548
-1.7075152
-1.7681493
-6.1166873
-1.6292981
-0.7480207
-3.4159641
-5.4543495
-8.503599
-5.4146748
0.07699052
-7.780655
2.122526
-2.5773573
7.024144
-12.851969
-1.9701428
-2.4821823
-14.284696
-1.9382068
-8.37494
-6.613956
-5.2342176
-7.372772
0.01001098
1.9215347
-6.0732646
1.694323
-8.760834
1.7897751
0.89634
-11.706559
-10.708537
-4.4352837
-0.40663293
-11.838913
0.9007821
-3.122143
-3.1629748
-2.7050178
0.8973838
-3.4664152
-1.355494
-13.318218
-5.8414507
-3.401794
0.738812
6.696122
-7.8814025
-1.6488607
1.3247712
-5.000896
0.9461662
-6.541125
5.869861
-5.488371
9.811215
1.5604968
-4.37482
-0.9744726
-10.84332
-2.3668976
3.6625743
-2.4116087
-11.230423
-6.149327
5.8516393
-10.923537
-2.204639
-4.0381675
-6.033129
-6.07423
-12.352834
0.92007905
-2.385586
3.8796086
-0.16255866
5.0285397
-6.661217
-5.457666
1.4905441
-6.2016215
-22.000912
-10.147476
-6.036032
-4.396057
0.65667975
4.1143894
-2.9587653
-6.0301476
0.84047
-7.376496
-9.139813
-11.495861
-5.7504873
-0.43589646
-1.4115459
1.3915108
-6.738697
-4.2873535
-9.441365
-7.3023696
-3.6726165
-1.480366
-15.702157
8.523111
-3.9554346
-6.207512
-9.543631
-8.1401825
-6.3909507
1.8403068
-3.4060724
-1.3027585
-4.8474607
3.8522475
-0.23619017
-3.3700075
0.26311678
-3.922961
-0.5559133
-6.0130014
-5.755172
5.2101727
-3.7858217
13.152811
-8.418629
-5.97779
-3.8177967
-7.189599
-3.711747
-1.6665406
-8.550831
8.263593
4.7455206
2.7827315
-4.889217
-8.508778
6.046254
2.4426634
-3.5310266
4.131552
-7.7863493
-10.635222
-6.939615
-6.093466
2.0809393
-2.8237572
-9.955598
4.5863705
1.7854486
-5.5573564
-4.634459
-6.1534495
-5.5029645
-9.069653
3.767532
1.5826912
0.9528772
-7.3557944
-11.26358
10.640613
-6.3011913
9.157437
5.8704586
5.2620234
-6.811508
-3.1657386
-6.59173
-4.173073
2.6526108
1.1626854
-3.8368824
1.7721049
8.039329
-7.0043316
1.3478472
-8.961898
7.175234
-9.286106
6.003215
-1.1722594
8.508287
-11.757904
-12.057378
-1.1917224
0.6767189
-5.5902586
-14.022686
-7.3666263
4.3163905
-16.5274
3.3456604
-0.6075734
5.4733434
-6.3649235
-19.998737
-7.940783
-11.186321
-1.6753528
11.206551
8.545793
-1.4166945
3.8279917
-1.1654468
-3.265684
3.7967024
13.600541
0.16148639
12.995228
-7.652834
2.0660067
-13.068105
-6.6578584
0.12576765
0.67857283
0.30547667
2.051029
-4.9263124
0.48635194
-2.532751
1.7717893
5.679062
7.925619
-1.8029008
-2.134955
-4.2729774
-7.1786695
1.447414
8.616148
-6.7109337
-1.0639067
-3.9511735
-6.498133
-0.3038192
4.2927074
-10.56248
-5.420419
-0.04467435
-9.281606
-7.580166
3.758093
-5.0935717
-3.308275
-7.829284
11.972242
-0.55244
-6.392132
-3.609534
-9.215436
-8.566091
1.8061355
6.4507513
-6.5575404
-3.4096317
-13.531037
-0.70881414
1.7790158
-6.7674327
-8.933898
-3.208272
-0.60978717
-5.3396525
2.728551
-6.8495364
-7.3693066
-4.4952674
-11.231177
-13.298342
4.40137
-1.5993807
6.117909
-12.453263
1.0351913
-4.674518
5.5470214
-12.836752
-3.7351897
-4.678121
-16.5053
-5.485834
-12.700193
-11.871612
-1.6334198
-2.454019
-4.729211
-4.855036
-7.071246
-15.31304
5.1085486
4.1624284
-9.732159
8.58459
-4.152871
-7.848432
-7.1084385
-3.247283
4.746275
-8.5195055
-5.216895
-10.796421
2.1086032
-2.6895387
0.28341976
-0.7742405
0.14232507
-2.935931
-2.5787365
-1.005886
0.8822111
-1.9994181
-9.790264
-2.1613405
-12.909489
0.3462668
-16.499084
8.476095
3.7495656
-3.90982
0.028258834
-3.9619348
-16.10268
-6.206072
2.994414
1.1267263
2.264529
-6.0475316
0.24888042
6.5204577
-8.624407
-3.6347337
1.1888376
-4.1310854
-0.67839605
-2.625974
-6.972817
4.864848
-1.801244
1.0376447
12.246878
1.9264625
2.153462
-1.9401885
0.7767999
0.9147047
16.184467
-7.8942866
-3.4844334
-7.8237653
2.503923
-0.5858161
-7.577372
7.4605494
-0.80126405
7.321706
4.720511
-0.6749847
-11.790055
2.0742683
-6.4808245
5.7585945
-13.053983
-1.8010204
5.0014186
-5.7859874
-0.31061295
-11.15311
-1.0111084
-10.873891
-9.708045
-13.961716
-9.470863
5.195507
0.23346852
-8.901207
-5.740159
-14.35557
5.7591586
9.830351
0.68177176
-2.9721272
-5.131938
-11.4717245
-3.6545513
-5.118577
-7.7755756
0.4342273
4.3188167
-4.049914
2.104935
-4.2280736
-2.3611624
2.7984974
10.074402
-2.6333182
-17.0816
-6.7866125
-9.394894
-2.5910451
-5.524993
-14.356775
-5.049599
4.6838126
-13.387425
-7.429071
-9.008087
8.809813
-2.778376
-10.01044
-9.648813
2.941123
1.2105255
-0.37032884
-12.499582
-16.376495
-0.75892216
-3.532614
-3.8239846
-1.7115692
-0.30958366
6.408339
5.213419
-6.704986
-7.9495416
-1.3419358
-1.2807704
-3.3755453
6.115687
-5.181007
10.6612215
10.906845
-3.4088986
2.7485666
10.820056
-5.425237
-10.575794
-10.1836405
-0.853762
-1.4879936
-0.5923916
-1.7604591
4.741857
-6.339519
-1.1525477
-2.8836129
0.0707362
-1.9868068
-2.7372808
0.61987174
0.3467179
-5.862326
2.2670689
-7.4143724
-13.321958
-1.29602
3.3859215
-4.259285
-5.29272
-3.200812
-3.1986845
-10.566823
-0.63306546
-5.1954136
-10.920211
3.5606477
-5.951317
-8.342893
3.0919545
3.4387074
1.4361372
-7.7710824
-5.071741
-1.344593
4.11833
4.723422
1.0974785
-14.867771
-10.719776
14.157707
-1.2850319
-12.647133
2.625659
-9.488199
14.395298
1.2566466
-10.771091
-12.167807
3.2996278
-3.372702
0.3812876
3.1700501
-4.883841
-5.065176
17.526564
3.9405103
-8.39573
-11.842211
-1.584237
-5.030592
-3.8714197
-3.4153943
-5.2888017
3.8457978
-2.4287455
-15.150496
0.66340446
-3.4423425
1.7550341
-8.147256
-2.1731074
-5.9060626
-7.636934
-3.4468338
-0.58291197
8.956021
-8.60694
-6.120755
8.069312
13.390975
-5.1523743
0.9053696
4.8102384
0.21207052
-14.574348
3.2343976
-9.574072
-8.115917
-4.4087467
1.811413
-4.1592116
7.362101
-0.9302157
-10.511477
-0.6851263
-0.48947102
-14.589295
2.3844385
1.0580668
-3.6621664
-3.014955
-9.869839
-6.2141337
-4.7809753
-8.936326
-4.6153836
-7.788866
-8.245143
-11.8010235
2.488721
-4.117122
-5.112088
8.487815
-6.9077144
-6.602326
-0.2199229
4.429696
1.5301702
-11.313461
-5.328439
-3.9523275
-11.374487
-0.28384048
0.5164825
-1.9729115
-15.444826
8.883907
4.683164
0.2855462
1.0324707
-3.0659947
4.3488135
-6.204713
-4.8160896
-4.0646887
-2.8416135
-6.6583037
-0.429285
-0.29888403
-0.77941
-11.268704
2.703412
-5.575349
-1.4934003
-6.1446304
-8.323913
2.6624691
-3.465474
-3.7776773
0.6242102
12.299829
-0.24893628
-10.907502
3.194642
1.979618
2.3900719
2.100151
-15.375293
-4.1965275
10.313073
3.087787
0.7333452
-12.193881
-7.041282
-2.0945506
-1.7337569
-8.751957
-4.4039426
-3.8779254
-7.090855
-6.949369
-4.741124
0.19101739
0.30234846
14.7799015
-4.665471
9.050264
-1.268346
-4.926154
0.9285908
-9.59887
-5.757311
-10.024284
-8.27998
-7.645314
-2.6407351
7.134963
9.16456
-4.198742
6.375301
-5.1632123
-17.024195
-2.788992
-1.7004158
3.1585934
-3.3303516
-5.894874
4.961173
-13.527708
8.330377
-2.1507523
-1.0139138
6.8722725
-2.921401
5.4369354
-13.457867
-0.615358
-4.257694
3.2656884
2.454801
7.038212
1.6313998
-0.8765773
-11.359696
-3.6940045
-2.1924846
-8.539649
-3.2668004
-3.9798365
-0.3800924
-5.468086
-9.585678
3.1937242
-7.1816216
-4.2554593
-9.972394
-0.5643421
-14.828557
-9.085511
1.4873393
-6.420974
-9.688271
-9.925475
5.466055
-4.100773
0.14884874
-1.7847937
1.1584609
-11.694318
-0.48283294
8.911154
-2.172471
7.4681478
-9.677499
-0.10151938
-8.268026
-6.664028
1.3930451
1.8081701
-16.142818
-1.4942056
1.6110643
6.034451
-7.630674
-0.6331765
12.0178175
-7.898451
-6.6092243
13.322323
3.2607565
2.3444061
-2.2849333
-11.112332
-11.719776
7.4177866
-0.52705044
-8.504987
-11.587851
-8.684548
-7.7913175
-9.08474
7.627304
-5.5301256
6.391207
-7.4388995
-4.402775
0.05512076
-0.6104413
2.1367679
11.058321
4.6204486
-0.54780084
-15.015919
-5.5895042
-1.7479312
-4.8268504
-11.963519
-0.39293143
-0.19651946
-1.0106333
4.033009
-0.3754849
-1.4573674
-1.1183473
2.5004227
-7.256491
7.548168
-9.937873
-2.3034353
-9.103037
-4.4676023
0.4869661
1.1947863
-8.171187
2.5357435
-15.112187
2.342063
-13.265177
-4.9105268
-2.1932898
-9.1776705
-6.7492633
-6.8352065
4.857232
9.081917
-9.724764
0.65972954
0.7439319
-2.4743962
0.29503796
-5.278444
8.629853
-3.5064178
-14.355613
-5.748758
-0.051657442
0.12250835
-7.225721
-3.924721
-0.83556145
-5.169976
-6.3172407
-5.7017856
-4.152711
1.0852251
-7.0590744
-9.561578
6.9906783
0.9200626
-4.790115
-0.75683194
-10.138335
-2.9152057
-1.4413474
1.4966501
1.5137343
3.8144503
-4.1251144
-11.146017
-1.037841
13.016244
1.0971888
-5.3089986
2.1459312
1.3655128
-4.6900826
-4.515561
-4.507737
-7.6021314
-2.3326826
-7.1370845
6.4225435
12.85236
6.4738126
-2.5152419
-2.0859592
-7.8943763
6.5262046
-4.0500855
-7.5155354
-6.7476
0.8711338
-4.8624244
-12.436835
0.031809494
-8.799095
-6.4441414
-7.6510434
-12.079427
-7.109244
-9.850589
-7.50353
0.826851
-7.2471604
-3.11033
-17.392565
-7.366342
-5.488017
6.480762
0.57660574
-0.9288458
-0.27572438
-13.438761
-11.387766
-9.33777
6.1295853
-2.9261804
1.8702253
-8.668494
-0.02984996
-8.116451
-10.01285
-4.4136343
-0.4707695
-9.482832
3.9374893
-5.60316
1.8783478
-8.268645
-9.837211
-12.564746
-18.621368
-5.5331326
-9.755035
-5.3193064
-3.6855702
3.30607
-5.7926846
-2.2548647
-5.165949
2.08305
3.4401774
-6.5747037
-4.650456
9.581717
2.9603162
8.176565
4.309511
-3.560951
-1.1775163
1.3049066
-12.475666
-8.705873
-4.471233
-11.051648
-7.357057
-7.730915
-1.7824248
-2.5711057
-16.348814
-17.242754
10.25083
-13.51533
5.124193
-14.593307
