-0.38180357
-0.47057295
-0.25458562
-0.38920325
-0.3480449
-0.33212557
-0.28773656
-0.26396662
-0.3188623
-0.17613308
-0.28094298
-0.3903444
-0.27020717
-0.3719388
-0.33535185
-0.28094056
-0.36469683
-0.3029501
-0.32482082
-0.34350812
-0.28083038
-0.41940898
-0.28026408
-0.2749557
-0.31094313
-0.32484356
-0.35562903
-0.2823527
-0.28554863
-0.17237502
-0.2846138
-0.34184182
-0.1864959
-0.18684724
-0.19828062
-0.28709042
-0.28732798
-0.33486554
-0.31925532
-0.34454417
-0.31234914
-0.37679273
-0.3156431
-0.34348837
-0.28899807
-0.27551633
-0.18650645
-0.33674765
-0.35131526
-0.18246731
-0.37097967
-0.26174042
-0.3264313
-0.2857972
-0.14235435
-0.28826177
-0.41104302
-0.18278973
-0.2937523
-0.38298962
-0.3710978
-0.32817352
-0.36369365
-0.35384277
-0.27885154
-0.3860238
-0.38202676
-0.33575362
-0.28135598
-0.10650412
-0.2954906
-0.34742755
-0.35744026
-0.32579735
-0.33516786
-0.34927884
-0.35129234
-0.33479732
-0.39835122
-0.24118963
-0.391707
-0.23972201
-0.34031725
-0.33210185
-0.287948
-0.36000726
-0.2385951
-0.36848792
-0.30695227
-0.26009408
-0.42536703
-0.2745582
-0.18834557
-0.26001912
-0.111345276
-0.36281088
-0.31798366
-0.3552251
-0.35100722
-0.29234102
-0.31374708
-0.371677
-0.3480213
-0.3362098
-0.44485283
-0.18994004
-0.17553069
-0.34432927
-0.2619324
-0.2283268
-0.31965458
-0.40101147
-0.38750422
-0.34950295
-0.3667256
-0.38277757
-0.23678236
-0.27747583
-0.25574356
-0.17380404
-0.3897826
-0.25843543
-0.34378144
-0.2844677
-0.26907417
-0.3204493
-0.45768324
-0.23168963
-0.23156415
-0.31607398
-0.4032449
-0.32520208
-0.2977813
-0.3055327
-0.29897988
-0.2346968
-0.2823696
-0.33881095
-0.34330016
-0.32774177
-0.26686856
-0.27299196
-0.33525893
-0.22418614
-0.21682888
-0.25439897
-0.2317703
-0.25850722
-0.24137594
-0.26289824
-0.329559
-0.24909684
-0.30361313
-0.36719382
-0.24840468
-0.35474533
-0.2997218
-0.335723
-0.20182739
-0.33669212
-0.42200246
-0.31874162
-0.41127244
-0.2842832
-0.28725532
-0.365737
-0.27950844
-0.38359603
-0.46463636
-0.34003785
-0.45422783
-0.36888215
-0.3876404
-0.27327728
-0.39776102
-0.215409
-0.33942005
-0.18190113
-0.2830676
-0.38270882
-0.29964623
-0.19215642
-0.26411355
-0.3123504
-0.15956394
-0.28806368
-0.32139164
-0.33015087
-0.22971126
-0.3755995
-0.26377076
-0.4516584
-0.32512745
-0.3264157
-0.3240707
-0.3571312
-0.22251767
-0.18081543
-0.27316776
-0.3797619
-0.3474614
-0.26349878
-0.39711502
-0.30099168
-0.38441157
-0.29839787
-0.2578202
-0.27905512
-0.16947623
-0.28675413
-0.34679782
-0.2718528
-0.38026318
-0.4293552
-0.29564425
-0.25830925
-0.3188122
-0.35806146
-0.38187957
-0.31056553
-0.30481413
-0.22674799
-0.36521223
-0.27946123
-0.2462273
-0.33167946
-0.40570915
-0.2177938
-0.34628904
-0.36770958
-0.3741544
-0.045678854
-0.4296279
-0.37031907
-0.3907443
-0.3298118
-0.14001243
-0.34140992
-0.3042432
-0.253717
-0.38259748
-0.35262445
-0.3112307
-0.3121852
-0.23118971
-0.19959009
-0.31085986
-0.2370555
-0.36327216
-0.302725
-0.34429628
-0.29227734
-0.19758813
-0.3731531
-0.34792522
-0.25775948
-0.28830048
-0.33490416
-0.3724333
-0.42603558
-0.22625239
-0.34134018
-0.2836232
-0.30698508
-0.23993611
-0.37826148
-0.31656802
-0.31003648
-0.25392398
-0.44262555
-0.23140459
-0.34924483
-0.35665384
-0.32678086
-0.299099
-0.29979828
-0.3448059
-0.29651794
-0.37813607
-0.30493057
-0.3301092
-0.35071558
-0.4653323
-0.34540588
-0.21655963
-0.32644507
-0.30900428
-0.25409293
-0.32748973
-0.30036137
-0.39166573
-0.37536335
-0.3263388
-0.38530153
-0.25572142
-0.3203727
-0.26907837
-0.38665888
-0.34798476
-0.23721857
-0.26017714
-0.32706812
-0.31057885
-0.24774891
-0.31446564
-0.4021484
-0.34038967
-0.3779701
-0.31433192
-0.34986132
-0.2602962
-0.3971209
-0.36676311
-0.29554334
-0.33057213
-0.35923967
-0.4460797
-0.3420719
-0.2901711
-0.29684544
-0.26762792
-0.22912939
-0.31031308
-0.31775048
-0.33444312
-0.2438795
-0.25389457
-0.29620972
-0.31209803
-0.33968836
-0.40219042
-0.2559889
-0.30632654
-0.30084866
-0.35429385
-0.32627687
-0.34710446
-0.43041158
-0.2287826
-0.22719227
-0.31544858
-0.33424807
-0.37044922
-0.3671643
-0.41623226
-0.28767088
-0.28385264
-0.20688583
-0.30133778
-0.31713957
-0.3055622
-0.1942583
-0.33348465
-0.30007476
-0.2722877
-0.30193174
-0.27895978
-0.25614804
-0.40112752
-0.3862809
-0.35158142
-0.31793433
-0.30840358
-0.23007236
-0.33901736
-0.25732166
-0.30434403
-0.28301892
-0.37199545
-0.39358047
-0.44151875
-0.31843728
-0.3373995
-0.26764506
-0.33365113
-0.2560299
-0.3168612
-0.32775566
-0.3337881
-0.39957148
-0.40384033
-0.2512378
-0.36031216
-0.2759759
-0.30718908
-0.23680444
-0.22780438
-0.293764
-0.36217412
-0.33747956
-0.41189498
-0.21015911
-0.35795426
-0.23677453
-0.30689225
-0.28128332
-0.38282043
-0.29984966
-0.3898544
-0.25902396
-0.35873532
-0.3918904
-0.31304294
-0.3218924
-0.34567192
-0.4090027
-0.31897074
-0.24497803
-0.25378725
-0.19669582
-0.2864398
-0.2022574
-0.39919332
-0.29999483
-0.16031767
-0.39399493
-0.3458653
-0.30967152
-0.49919194
-0.25530478
-0.25793988
-0.28794777
-0.20418353
-0.383991
-0.25463113
-0.30318284
-0.28010684
-0.48803285
-0.28786024
-0.32945976
-0.21818653
-0.24169484
-0.31827718
-0.42320058
-0.36910477
-0.32158187
-0.29569402
-0.25082678
-0.1966522
-0.32974052
-0.3499544
-0.28056854
-0.30497396
-0.38534707
-0.30755135
-0.2768136
-0.3249809
-0.32795274
-0.37347367
-0.3394351
-0.3630528
-0.26931536
-0.33809677
-0.3200506
-0.3169429
-0.36137405
-0.26881304
-0.22792962
-0.2917799
-0.32466522
-0.40543866
-0.31337443
-0.2949522
-0.19521779
-0.37975323
-0.3310551
-0.32455683
-0.21358716
-0.27426973
-0.38155812
-0.27583912
-0.36802503
-0.2733989
-0.33333343
-0.30961922
-0.2828169
-0.34794426
-0.3614987
-0.31630698
-0.3009691
-0.42424372
-0.30587056
-0.2302209
-0.32395014
-0.26225993
-0.30158445
-0.3382746
-0.22512023
-0.31129214
-0.26131055
-0.27035972
-0.3925055
-0.33207884
-0.28275162
-0.2469418
-0.22668624
-0.37986666
-0.42096537
-0.37504527
-0.36051616
-0.25657418
-0.22636369
-0.3419627
-0.4084296
-0.31931052
-0.3389705
-0.30181506
-0.24798293
-0.31376624
-0.33001474
-0.3192311
-0.38373443
-0.31688648
-0.2731864
-0.3470163
-0.4010443
-0.3234536
-0.3356624
-0.38874537
-0.3385843
-0.22493699
-0.38531056
-0.3240156
-0.32171708
-0.31383675
-0.33167955
-0.25967333
-0.23767842
-0.3171996
-0.30122218
-0.32378846
-0.30240473
-0.26077947
-0.35191807
-0.25644773
-0.16795306
-0.35628894
-0.33745256
-0.40590295
-0.31796673
-0.32815105
-0.24644695
-0.30022857
-0.2307815
-0.3486988
-0.21842553
-0.37999296
-0.31258485
-0.30479735
-0.19211178
-0.40108556
-0.4128623
-0.29219666
-0.27616343
-0.29772788
-0.25306264
-0.38919038
-0.391246
-0.30523738
-0.30537894
-0.35516745
-0.38523358
-0.3503008
-0.31076488
-0.25296703
-0.23137912
-0.35816726
-0.34112212
-0.3241189
-0.35896966
-0.3108818
-0.274068
-0.38263306
-0.32732332
-0.26865023
-0.35807762
-0.3173064
-0.28516003
-0.29143408
-0.33289024
-0.35611102
-0.31303817
-0.29188862
-0.3325642
-0.2537747
-0.3317256
-0.3844355
-0.28110987
-0.29453442
-0.343027
-0.38293263
-0.37076196
-0.26510823
-0.3471008
-0.28835717
-0.30492604
-0.232765
-0.19173962
-0.25083828
-0.39263776
-0.31329542
-0.2818131
-0.32218263
-0.2975283
-0.35805914
-0.33345708
-0.20654887
-0.33761415
-0.37817833
-0.27164912
-0.23438577
-0.25455856
-0.41016722
-0.29130802
-0.16124253
-0.33381796
-0.32437024
-0.31106964
-0.35026887
-0.33741933
-0.18168314
-0.2661505
-0.2989424
-0.34202892
-0.13287742
-0.37598845
-0.26535374
-0.2659372
-0.33763027
-0.28183204
-0.37291032
-0.33062533
-0.3250699
-0.32174268
-0.1969694
-0.39272168
-0.38849255
-0.32910913
-0.3282824
-0.35563073
-0.24015816
-0.29467088
-0.3812397
-0.25770274
-0.26596567
-0.3061473
-0.3044666
-0.34887275
-0.30932796
-0.31636015
-0.16841044
-0.24996538
-0.3750092
-0.30037114
-0.31269827
-0.36075878
-0.313623
-0.39212382
-0.26597762
-0.30083305
-0.31038994
-0.19304717
-0.36885688
-0.3104428
-0.2630025
-0.3968997
-0.32646003
-0.34600458
-0.30722055
-0.3307559
-0.21190175
-0.35455534
-0.34138823
-0.2887884
-0.24447039
-0.30313918
-0.34083664
-0.3839222
-0.32262218
-0.21360433
-0.21151122
-0.24324797
-0.256691
-0.37433386
-0.3983273
-0.32835788
-0.35804808
-0.33229563
-0.39008316
-0.2858703
-0.30679473
-0.404596
-0.2811141
-0.42687738
-0.33263668
-0.41310218
-0.3418716
-0.37137344
-0.38511175
-0.36651668
-0.3734291
-0.25381914
-0.29501778
-0.2372208
-0.24895196
-0.28442582
-0.3352214
-0.31999075
-0.3913654
-0.31956282
-0.4227419
-0.12084231
-0.34367174
-0.3777514
-0.35148615
-0.34720033
-0.35427862
-0.3452862
-0.22477886
-0.30695933
-0.36538213
-0.3676316
-0.3954139
-0.39372268
-0.38009584
-0.28588605
-0.31320104
-0.412199
-0.38370156
-0.30187115
-0.32241365
-0.33919376
-0.28762096
-0.41651574
-0.3208671
-0.2915712
-0.37114578
-0.36193225
-0.16900739
-0.29574347
-0.31259853
-0.34193432
-0.30046225
-0.29545158
-0.40002662
-0.27067858
-0.36573142
-0.2720568
-0.26660892
-0.41521713
-0.33560017
-0.33438742
-0.30785072
-0.23215757
-0.31181347
-0.33645838
-0.31291905
-0.40067327
-0.3481511
-0.23682049
-0.33501709
-0.37256658
-0.3716447
-0.38581342
-0.34653005
-0.35900724
-0.26352665
-0.35878724
-0.3269429
-0.27000904
-0.3154838
-0.3664617
-0.38138276
-0.41579875
-0.2924897
-0.35335124
-0.27947006
-0.34331515
-0.3676921
-0.37918767
-0.35711926
-0.33423573
-0.36314598
-0.37167656
-0.2786812
-0.331144
-0.31182954
-0.31638747
-0.26103207
-0.20687497
-0.36461613
-0.4212508
-0.18954423
-0.2774625
-0.30858156
-0.49580875
-0.3341199
-0.24313715
-0.26934505
-0.39219186
-0.28065336
-0.23885745
-0.2958435
-0.3259514
-0.2933531
-0.31817824
-0.35216781
-0.30175522
-0.30778503
-0.3834992
-0.2924021
-0.3872034
-0.32432434
-0.39423844
-0.25128865
-0.35372353
-0.31657577
-0.23260184
-0.32007483
-0.40381873
-0.17857087
-0.3608567
-0.3239431
-0.33713892
-0.14083602
-0.16372041
-0.31238857
-0.35552463
-0.27665782
-0.17269038
-0.3066523
-0.350363
-0.33390695
-0.25720516
-0.31611714
-0.44935438
-0.3884743
-0.3818629
-0.40891007
-0.22647588
-0.18375789
-0.30254266
-0.39107022
-0.26235253
-0.41992128
-0.33047646
-0.27405185
-0.31076688
-0.26352248
-0.3229757
-0.25443342
-0.32158935
-0.2699131
-0.32270402
-0.29620758
-0.2967726
-0.3143024
-0.30177855
-0.33013776
-0.41096845
-0.33689088
-0.3086305
-0.38806713
-0.39472023
-0.45251775
-0.1849844
-0.31481424
-0.23693928
-0.26850376
-0.32806125
-0.3445459
-0.2912362
-0.3536314
-0.2389078
-0.32731313
-0.26300764
-0.36586446
-0.43702537
-0.27930862
-0.33451504
-0.18069811
-0.29119292
-0.38953328
-0.3863628
-0.2889782
-0.23128861
-0.3409654
-0.43425155
-0.29339597
-0.37153146
-0.12507051
-0.24134731
-0.2913924
-0.30973548
-0.2640863
-0.2968392
-0.24240671
-0.3379354
-0.23623322
-0.3694095
-0.29914856
-0.3610846
-0.35778734
-0.34748784
-0.36716077
-0.37112442
-0.3419132
-0.29966354
-0.3155602
-0.3701609
-0.2586896
-0.2957142
-0.28682148
-0.2214574
-0.3297068
-0.25878176
-0.36114427
-0.3280264
-0.3138142
-0.37226507
-0.3457743
-0.3487524
-0.35992897
-0.30348435
-0.3536017
-0.32520017
-0.3897267
-0.3075114
-0.34687963
-0.27554384
-0.26111665
-0.3208224
-0.33911455
-0.31410953
-0.21435213
-0.31216106
-0.36744225
-0.3701687
-0.4051137
-0.22830845
-0.2692293
-0.292418
-0.23240264
-0.36969462
-0.25987852
-0.2750197
-0.24093196
-0.29617295
-0.2465436
-0.31175718
-0.34489283
-0.3577588
-0.26547387
-0.34455124
-0.4125288
-0.23264775
-0.3294095
-0.390904
-0.24091159
-0.27316362
-0.29377854
-0.39557758
-0.3975571
-0.355416
-0.3101792
-0.31457138
-0.3628378
-0.25533825
-0.27706897
-0.3581851
-0.32397708
-0.34180883
-0.35773873
-0.3751495
-0.25206876
-0.37477723
-0.36116222
-0.3400778
-0.26310515
-0.2967584
-0.2778696
-0.152653
-0.26081166
-0.40064967
-0.2169798
-0.21440046
-0.33526522
-0.35690692
-0.31056088
-0.2746519
-0.25783527
-0.39986053
-0.32634845
-0.23835202
-0.33191913
-0.32610312
-0.3486568
-0.33285546
-0.23883064
-0.27753875
-0.31503418
-0.42839423
-0.24185753
-0.24033973
-0.3912435
-0.32927194
-0.34700438
-0.34537646
-0.21537197
-0.37128684
-0.40796745
-0.19484186
-0.1920203
-0.27064413
-0.34140942
-0.34534892
-0.2773248
-0.35737064
-0.28840423
-0.369643
-0.20859005
-0.38409534
-0.16416557
-0.34427017
