68.9427
39.695045
86.34321
43.280743
68.61814
57.55982
95.86455
85.65554
83.48562
121.01342
80.26569
82.24756
57.289825
68.46255
79.863464
64.13679
63.384983
80.23965
96.31681
53.187645
71.84665
65.12381
82.01168
89.51294
91.50511
99.39414
75.01295
54.70196
70.81685
105.521996
59.035286
78.82595
99.97697
90.09505
82.169
86.631996
57.732475
63.475464
75.96431
54.255596
65.47096
63.313267
58.845005
74.88201
67.17939
69.1976
71.911446
83.878265
97.17985
110.02732
75.220955
88.66413
62.60513
97.25044
100.10157
70.45261
50.54209
101.84917
60.288548
67.99687
49.71291
70.5392
72.78015
68.88707
77.36273
64.39321
67.54339
85.867134
70.44508
116.77385
60.560596
72.03691
94.3762
74.31346
81.09889
65.16906
62.052406
70.849815
78.33127
57.368195
51.335056
69.3649
71.78692
67.248405
96.64991
80.865456
64.33358
40.66076
54.292725
77.738174
70.27743
88.61814
80.337654
72.409294
117.145935
52.82469
51.773563
60.6919
73.22099
80.02452
60.515812
71.038216
75.77796
75.382706
49.037937
87.9071
98.310616
66.70518
71.32437
65.58613
84.176346
58.01978
64.83994
72.17901
58.0005
64.75662
104.52535
72.25135
91.66601
90.29101
67.673515
79.466286
55.47481
73.4689
67.26608
76.21467
46.750168
99.05977
81.51645
81.77803
72.492294
63.985806
61.716526
56.300083
71.846275
73.01602
76.41109
52.294586
80.33103
64.75375
84.77989
53.340168
76.90937
89.88367
75.71524
77.89455
85.318085
76.05344
97.46106
75.84512
72.15592
96.693596
66.666214
59.216545
72.72934
64.29296
65.78705
71.86281
73.20264
63.928314
54.57381
72.79339
72.18948
104.10632
63.646793
53.888416
72.916275
58.202045
68.03051
72.91816
63.809536
54.37753
64.27702
72.00849
56.352234
82.65109
60.28276
68.05761
87.71394
57.734497
74.27807
81.0045
55.843372
96.72216
88.86497
70.14551
83.27178
63.064888
67.228615
60.759716
72.35466
84.94455
58.547253
69.202965
70.963234
72.567406
73.7796
113.12815
105.08808
47.34924
47.70179
85.449554
59.403374
86.011215
52.72125
61.002094
83.68862
61.648724
91.13672
69.37104
87.800224
74.43861
58.48299
66.94591
58.925243
62.123215
74.60346
92.48525
76.48511
57.28657
84.45951
102.87614
89.502075
67.96094
88.50485
44.42036
58.34375
83.66255
63.582703
65.882576
51.488117
134.4006
66.14443
70.24886
62.814625
66.338005
104.83783
69.325455
70.28002
76.769905
77.86593
65.957146
71.3331
52.393402
78.5871
103.27596
59.40021
89.33219
59.7537
74.94256
81.8621
83.310684
78.83893
74.78626
85.263695
84.53377
76.07426
71.09347
90.06755
49.519142
90.405945
67.27847
77.141
64.650604
74.08083
59.247456
69.07087
82.26777
68.05051
47.18388
110.734024
78.83726
56.515476
80.351974
60.624294
84.58982
63.69304
82.400055
69.79595
61.84861
86.46539
91.60876
44.61241
93.674995
63.0688
80.02472
74.86138
74.99593
53.338398
70.265335
82.06462
55.182167
70.22912
72.806595
71.9914
102.53819
60.46545
88.611885
84.28047
64.83381
69.91094
76.805374
61.006306
90.892654
63.878212
78.82418
75.47262
77.270134
75.37804
70.89418
69.68841
50.220562
70.629135
71.97023
71.616554
59.71254
65.44747
76.73026
90.147194
71.11595
67.58215
67.00001
74.34825
72.72353
73.126076
91.17378
63.97761
91.91556
65.40932
62.433987
59.867878
93.31538
84.95925
49.69549
74.38132
79.52805
70.02106
65.25941
99.02592
119.26325
78.98014
77.03063
47.244358
88.74764
77.17619
97.26267
67.4123
103.84959
71.87537
82.53816
79.67581
80.40262
63.59464
68.804634
57.56974
76.88534
53.810303
64.742546
64.44363
58.646484
60.892773
73.737
61.72843
74.36871
61.371117
76.21345
70.13817
85.54351
70.295235
73.301674
51.948574
97.94103
60.84977
70.85512
76.28308
63.394287
69.040985
83.99272
73.29711
52.233185
41.74235
77.167854
59.206947
69.26274
62.79905
95.15188
71.65035
74.957306
59.486595
48.324883
57.519325
80.062065
66.079926
71.542175
56.817017
87.20268
74.07157
67.10019
63.031143
70.04516
68.283966
73.66229
73.12137
66.9767
83.71355
54.888042
67.47207
71.65963
84.028915
88.04028
74.927124
92.65573
59.638145
79.07774
94.69986
68.76015
62.67334
76.05118
49.71921
78.61362
76.950554
86.20672
119.985634
55.100826
69.057076
72.85711
86.36058
57.85604
86.36564
73.06679
83.23193
85.5278
64.72118
57.089108
71.38578
80.90743
55.396027
78.503975
61.372066
62.815315
60.827312
75.89129
60.19147
69.77346
53.29217
53.480938
76.011055
73.576035
65.712364
57.980858
69.94401
85.41015
56.87205
105.76329
57.34119
57.22338
86.77119
77.02288
57.257717
69.08221
52.0727
76.13458
70.767845
57.58515
89.17449
65.936775
88.4373
69.96306
95.03112
89.05181
64.16706
63.85467
66.05528
59.141743
74.63666
78.11327
57.22658
54.426723
72.78371
89.82986
74.25148
69.13001
76.80737
72.384735
77.76354
74.95317
84.12087
84.81936
63.594654
74.48803
52.880302
66.83669
72.46501
80.78422
80.10562
74.127945
62.83591
69.36694
75.38222
81.152176
106.96392
77.3785
58.660713
62.453545
102.8406
61.479404
67.789
46.202244
82.05664
58.973473
95.5173
73.644554
79.846954
56.149612
76.83301
78.61073
86.90432
71.39555
61.914825
71.161545
102.37397
63.256355
71.28316
62.686558
74.85407
83.464676
69.05459
74.25371
87.99716
72.06276
90.96557
67.51118
75.06903
59.829174
70.45156
74.37355
76.50471
71.169044
49.546894
89.65618
73.67249
76.76566
67.01978
63.500687
65.678314
88.41426
69.106316
67.78417
69.899025
74.0777
49.730877
93.490486
66.95937
85.815094
78.08123
77.897995
54.831367
52.741764
87.63882
58.02115
55.011066
61.047115
69.76521
65.94809
100.45885
102.17641
64.54629
66.01101
73.49743
61.955006
83.058846
83.763405
60.66978
84.85126
75.058044
79.40455
67.22209
56.59715
80.724174
80.9756
66.88611
80.74193
61.17952
68.271576
76.68919
84.86523
58.296234
70.98087
65.29491
65.569336
55.19179
61.126648
82.713005
52.63339
76.78524
76.54955
76.7576
89.703354
93.75126
53.810074
77.270966
65.59467
60.306534
89.001366
75.81359
63.715446
92.830956
64.257675
67.851715
71.9461
90.0556
56.855297
51.49424
73.305084
127.15595
69.55051
87.22176
77.18592
82.10091
91.46057
66.18628
94.09701
70.30812
78.18059
127.859856
57.932354
94.57678
73.329956
67.54695
84.19322
74.95912
59.21203
80.31622
70.285736
75.678986
69.98289
57.322227
66.74922
76.72762
65.64643
74.56683
74.42237
56.659557
77.717026
71.89518
57.090874
82.57619
58.829292
89.70885
78.84895
88.067314
59.674114
63.08831
57.111652
79.908134
53.547432
88.286064
63.67018
86.934654
75.20279
72.94855
97.65052
60.99692
70.03928
86.50714
77.7507
62.799118
70.414215
85.359344
67.96966
96.82802
54.121033
66.24978
69.25267
88.58923
65.47067
57.922626
96.66779
65.47794
83.77661
63.532856
75.38426
67.42766
67.42784
52.00152
71.678696
64.1941
85.66208
65.4994
80.0654
80.91788
77.634895
64.19707
46.954777
77.61592
59.577595
64.72184
69.668564
63.874508
84.814644
56.33555
81.90275
71.717636
75.98568
78.75305
82.16845
53.300648
70.40434
79.701744
78.812904
63.508595
72.98814
67.31153
64.228165
69.27312
70.98777
64.187004
79.39551
90.022896
70.32433
64.04161
51.59508
78.03904
53.54427
68.161194
64.62807
92.747925
63.739964
61.828674
67.46765
68.76412
59.72261
94.75157
58.735546
62.62745
73.152725
82.781845
54.97982
70.20499
72.49879
67.2222
74.83736
72.8952
77.295265
55.78489
93.9624
70.6958
66.35688
74.23344
47.491096
62.00592
73.72325
81.3395
77.12301
63.247
92.658875
83.45036
54.765903
69.15722
64.66738
76.6428
79.261765
62.743553
61.622334
64.38674
68.2886
86.644104
69.25066
58.544975
54.997803
108.84411
65.511734
68.07464
63.785988
71.2294
67.66518
84.97751
65.82141
54.419476
77.345856
57.098686
58.296635
53.818645
66.69223
74.290215
64.10691
89.54779
73.82794
114.435165
81.91948
67.75046
63.638866
100.42401
71.70603
77.02833
54.47886
69.2896
79.94783
78.75374
74.99082
71.64038
60.64207
67.10227
71.33665
67.68199
61.735607
71.710236
88.0689
73.2437
61.889652
59.04328
62.702442
55.551956
58.134407
102.031586
85.4573
82.0035
90.382645
70.70759
81.7154
104.220436
68.62593
64.75273
70.988785
95.715866
122.69309
62.527035
58.42623
87.13155
67.07338
61.250244
68.224236
54.39881
76.44612
65.835915
47.55699
51.67089
77.65595
43.223473
84.12086
83.56485
69.51926
70.41464
83.66484
49.994755
69.34858
98.02818
91.27428
70.992004
68.65303
90.13895
67.02353
66.15436
61.92923
64.25391
63.128307
68.53931
84.61835
73.988205
82.6713
81.16928
103.03162
61.494095
68.33388
76.69368
76.85296
81.434456
90.44383
79.3797
72.157524
63.69411
63.79814
64.002914
61.07421
63.045296
130.41359
66.73041
69.82336
74.83452
58.122437
93.77528
85.844536
76.83309
56.70901
80.81719
89.685074
55.796127
77.94144
62.182423
50.37793
99.069
76.47393
74.50029
81.07509
61.53212
86.01611
79.21377
62.443947
77.63018
61.641594
70.79906
74.49311
73.26866
56.842316
53.634853
78.51437
61.94531
86.01339
73.26823
67.00027
89.59097
77.89444
64.91706
79.41076
45.604294
96.86681
80.490585
59.8776
86.40986
73.711
61.64369
50.7052
73.87554
73.83084
92.64269
84.114784
55.566345
68.082924
51.34921
91.36171
68.21686
68.98763
73.34562
91.67242
78.63269
74.182594
73.05621
73.67436
71.78866
71.83746
55.455673
68.0776
96.7093
78.11438
82.93986
78.6404
84.04582
64.599846
100.43514
81.32833
58.22666
59.1035
76.59018
73.23442
54.757374
68.46756
99.7898
86.444016
60.7599
92.76829
75.760956
61.599186
78.534546
60.878494
81.83044
75.02382
98.3114
84.93457
60.773533
75.79644
58.959167
77.19161
60.351707
59.95405
75.87276
54.340363
48.76823
54.875786
76.88573
79.873245
80.490585
93.5465
73.46012
67.28929
74.98035
93.03189
63.914608
87.675095
74.473
65.93092
82.00744
48.971596
90.88784
62.351864
63.83003
69.5347
56.33965
65.55598
72.64227
69.70042
77.870155
59.64481
68.50368
85.13186
69.989716
70.51176
76.07143
63.90857
87.326675
63.01502
68.38085
81.35609
87.73606
63.09115
66.517044
86.81977
99.66387
73.83879
59.37914
65.911156
101.40061
63.441025
81.19148
92.868385
