-0.22194234
-0.1839856
-0.042787157
-0.29015872
-0.20692411
-0.27435932
-0.076970145
-0.15120076
-0.18195663
-0.24498795
-0.10561312
-0.29582506
-0.123232126
-0.23814029
-0.2899184
-0.29297176
-0.1260656
-0.062781416
-0.18192081
-0.16013916
-0.103210725
-0.14100659
-0.019248465
-0.12545757
-0.23397437
-0.23313326
-0.4648636
-0.11455573
-0.055773683
-0.11321506
-0.10604406
-0.16615194
-0.17052469
-0.30091953
-0.07405597
-0.26724198
-0.28479564
-0.063176
-0.14981201
-0.30001456
-0.22051069
-0.03679005
-0.18435267
-0.080490336
-0.24216506
0.052548382
-0.010770888
-0.1353259
-0.16562845
-0.19405806
-0.19387211
-0.21190375
-0.20890133
-0.20243365
-0.31290784
-0.032302115
-0.15050994
-0.17939515
-0.23144513
-0.17010407
-0.09158479
-0.21497951
-0.3195108
-0.1694835
-0.096188456
-0.034326043
-0.284775
-0.29789242
-0.04755143
-0.2681553
-0.366246
-0.3358442
-0.31405526
-0.22421385
-0.25289205
-0.30789685
-0.3618894
-0.18205929
-0.23993789
-0.17340232
-0.28935853
-0.23838246
-0.22569984
-0.2483117
-0.06903639
0.10947405
-0.16373204
-0.13988307
-0.24079913
-0.026529256
-0.3394437
-0.18503197
-0.19078143
-0.2235325
-0.26767492
-0.20373105
-0.20441195
-0.17872171
-0.14791784
0.042834207
-0.14819242
-0.25669223
-0.096936315
-0.16224362
-0.23659419
-0.12050577
-0.2967259
-0.20014203
-0.063782126
-0.44931373
0.061739046
-0.14490509
-0.3300959
-0.26088697
0.016691137
-0.21399689
-0.3252377
-0.10771766
0.041416224
-0.2866118
-0.22280471
-0.19117872
-0.104466386
-0.3752896
-0.17581254
-0.30943358
-0.14370851
-0.26218808
-0.12054212
-0.23870984
-0.22432616
-0.095429465
-0.02603185
-0.12764582
-0.24528582
-0.11198513
-0.2071904
0.011512698
-0.38024056
-0.1450633
-0.13507748
-0.10783733
-0.14138286
-0.20516315
-0.15060365
0.10178511
-0.26500705
-0.2757661
-0.10283339
-0.21441393
-0.26186296
-0.19732146
-0.21848623
-0.14477248
-0.15512922
-0.08632763
-0.065643564
-0.14619261
0.24340037
-0.35659525
-0.06427829
-0.009438014
0.049499143
-0.24124867
-0.11178758
-0.11254929
-0.27202913
-0.13785727
-0.1704055
-0.38545486
-0.0044717016
0.0006070434
-0.28698844
-0.21559589
-0.2919603
-0.08428858
-0.24418376
-0.20633093
-0.32334134
-0.34147388
-0.17592901
-0.13980813
-0.16619875
-0.21085602
0.2099533
-0.26958936
-0.2908549
-0.06843144
-0.207496
-0.21521714
-0.119749404
-0.16928823
-0.119292
0.019887729
-0.254386
-0.29872262
-0.21845593
-0.1678114
-0.13680556
-0.38991448
-0.036054883
-0.27107832
-0.15246357
-0.15304802
-0.3067489
-0.26192868
-0.24586104
-0.23124407
-0.23788808
-0.24045952
-0.12023535
-0.24862069
-0.2370729
-0.0016273245
-0.28703853
-0.17957693
-0.27355567
-0.32197317
-0.12323722
-0.0557808
-0.29745468
-0.06330102
-0.16367206
-0.14522213
-0.17443818
-0.12537807
-0.11979893
-0.16596955
-0.0152031565
-0.15181194
-0.21271531
-0.3202263
-0.1003372
-0.22842091
0.08040756
-0.12942377
-0.1471518
-0.24585308
-0.32730353
-0.26491824
-0.2131391
-0.21060324
-0.38762048
-0.27004117
-0.042066198
-0.16293645
-0.20785439
-0.22514634
-0.4050202
-0.28548652
-0.2894359
-0.11130445
0.07930031
-0.104030326
-0.0982675
-0.020781182
-0.1786961
-0.3795897
-0.1376146
-0.24875072
-0.2766439
-0.3528167
0.21980496
-0.2278098
-0.10852983
-0.057897646
-0.2753497
-0.21823215
-0.13056424
-0.15484634
-0.23325832
-0.31667462
-0.15250671
-0.1662172
-0.16565691
-0.17961152
-0.16409975
-0.27303433
-0.13897984
-0.20323598
-0.0014996855
-0.25419042
-0.1377765
-0.17474252
-0.1339046
-0.26657853
-0.26067257
-0.21147296
-0.23327541
-0.21624316
-0.1615915
-0.068569735
-0.22787486
-0.33012974
-0.24434018
-0.17572637
-0.12976639
-0.20090048
-0.19628806
-0.043769594
-0.093556605
-0.2883882
-0.11744969
-0.11238487
-0.10906058
-0.4151256
-0.07440849
-0.18081559
-0.1872618
-0.15384485
-0.09898272
-0.14399338
-0.21407509
-0.038524643
-0.051682886
-0.23160276
-0.16203892
-0.20035192
-0.16316244
-0.27116853
-0.07244464
-0.0009729438
-0.38398084
-0.25471717
-0.21418746
-0.24606681
-0.05706046
0.31263983
-0.15143341
-0.25301012
-0.2023857
-0.1812749
-0.22395538
-0.04604593
-0.40337262
-0.25557628
-0.08631859
-0.13836718
-0.21844931
-0.19428897
-0.25467867
-0.21094282
-0.28545782
-0.26937464
-0.3007256
-0.3036333
-0.31155849
-0.4804374
-0.22522682
-0.2496197
-0.11717791
-0.1271818
-0.24879453
-0.21328989
-0.25101623
-0.3003619
-0.090377316
-0.115110986
-0.18464272
-0.22161971
0.16575706
-0.21924728
-0.25129375
-0.2190378
-0.1996566
-0.21315137
-0.32209516
-0.27602905
-0.3212462
-0.12122862
-0.20634687
-0.011549911
-0.12997378
-0.21380089
-0.1946084
-0.3258624
-0.32595888
-0.44564325
-0.10312763
-0.22148696
-0.3484104
-0.21849942
-0.22830917
-0.18248077
-0.08143556
-0.22073774
-0.11762888
-0.121718675
-0.17188597
-0.3752215
-0.1658615
-0.15688092
-0.27572054
-0.19428729
-0.12157877
-0.20962866
-0.21072038
-0.2659394
-0.11462621
-0.3409385
0.13116798
-0.017659059
-0.25858793
-0.27828997
-0.16965464
-0.16075328
-0.36173275
-0.2850785
-0.16756643
-0.18974915
-0.25594378
-0.21966907
-0.18343477
-0.17903753
-0.109499924
-0.22732212
-0.20959091
-0.039703794
-0.14369382
-0.15709044
-0.18691343
-0.20059446
-0.2221798
0.116056815
-0.21030924
-0.23835805
-0.36424932
-0.21330811
-0.26769584
0.0807045
-0.3046608
-0.31590584
-0.26321566
-0.17832525
-0.14010307
-0.1214642
-0.5751848
-0.34971106
-0.025712905
-0.15476139
0.04238072
-0.19396012
-0.31125745
-0.15841599
-0.14617983
-0.1749587
-0.043598026
-0.07861783
-0.35348022
-0.25751364
-0.15158786
-0.21235141
-0.3265202
-0.043260414
-0.20314899
-0.25684536
-0.09250389
-0.16744432
-0.17740916
-0.3886309
-0.32096526
0.23483643
-0.21878985
-0.1864666
-0.22182906
-0.12602662
-0.22450985
-0.27866882
-0.07618683
-0.24924962
-0.42181265
-0.001299261
-0.24145724
-0.33408365
-0.4857464
-0.15050146
-0.1034137
-0.33094582
-0.21605931
-0.2109056
-0.21238697
-0.3446337
-0.1056651
-0.3480934
-0.24625754
-0.19450839
-0.24252813
-0.1714115
-0.17682247
-0.055117708
-0.13518038
-0.19139746
-0.3109504
-0.15515953
-0.10090446
-0.22120358
-0.19090481
-0.19410034
-0.24609295
-0.08781583
0.28075433
-0.26255783
-0.23189984
-0.09213964
-0.090765774
-0.099015184
-0.05893566
-0.17554277
-0.36144698
-0.06442119
-0.05738247
-0.25982192
-0.081402816
-0.24645802
-0.17196661
-0.10854492
-0.20231882
-0.26089877
-0.46404237
-0.29983413
0.21511802
0.052281894
-0.16352196
-0.18769804
-0.22263926
-0.1972386
-0.25044426
-0.2514598
-0.27541983
-0.29651007
-0.26761445
-0.17551292
0.09890228
-0.10981967
-0.068379454
-0.20866902
-0.03999626
-0.0927956
-0.080295004
-0.27784818
-0.2521275
-0.20116276
-0.086634524
-0.1136518
-0.012366826
-0.16365187
-0.24153504
-0.22021356
-0.24679281
-0.3549458
-0.21344958
-0.03241947
0.2764074
-0.20443642
-0.034853477
-0.178313
-0.18109395
-0.11706743
-0.42513427
-0.1753734
-0.2398716
0.001810025
-0.17087863
-0.18239921
-0.11841207
-0.19708125
-0.057822272
-0.05375241
-0.20546232
-0.28776136
-0.294814
-0.2575618
-0.25553054
-0.23910207
-0.19346984
-0.16267696
-0.16624466
-0.13964228
-0.1021052
-0.116864234
-0.12458634
-0.26340395
-0.26012358
-0.20762752
-0.23258469
-0.16252898
-0.36524722
-0.154551
-0.24436754
-0.2992048
0.25140223
-0.15433188
-0.44673517
-0.26746994
-0.3097245
-0.23451735
-0.19758835
-0.20674437
-0.16904053
-0.116286665
0.017136669
-0.05800671
-0.07226792
-0.2062545
-0.024274755
-0.26394865
-0.18607832
-0.2810626
-0.24868113
-0.5352285
-0.18423904
-0.23372124
-0.2525027
-0.20498526
-0.06551241
-0.032086406
0.060792044
-0.2926906
-0.27954537
0.23676296
-0.24649382
-0.12401328
-0.06413583
-0.26363507
-0.08876418
-0.19947602
-0.32966235
-0.0912197
-0.07166665
-0.1305103
0.014252733
-0.12536891
-0.2503801
-0.15363277
-0.16069324
-0.12934709
-0.09726937
-0.15612294
-0.09544291
-0.10848525
-0.24682675
-0.25668812
-0.20073321
-0.30025584
0.043932706
-0.4256172
-0.2945428
-0.22325198
-0.25678033
-0.198345
-0.119202234
-0.24106511
-0.18702559
-0.21022116
-0.27004454
-0.2757485
-0.20661007
-0.2609378
-0.12355213
-0.083255544
-0.12136596
-0.13293254
-0.13662255
-0.27674505
0.12883249
-0.4330625
-0.1811846
-0.1928017
-0.17477216
-0.12189636
-0.4019865
-0.10915523
-0.18822484
0.00055553776
-0.18466668
-0.19954117
-0.24215467
-0.15201406
-0.16138946
-0.13930078
-0.09689171
-0.265072
-0.16463883
-0.20697412
-0.11644423
-0.09317418
-0.15177043
-0.2758093
-0.35138792
-0.22130778
-0.3090732
-0.18723257
-0.3165374
-0.20223087
-0.31624752
-0.044078555
-0.3086638
-0.27068406
-0.21901466
-0.16196342
-0.17813312
-0.31411725
-0.14935544
-0.1990711
-0.23203234
-0.25854737
-0.20225884
-0.10441441
-0.057209957
-0.007924101
-0.1683812
-0.13975513
-0.3008209
-0.22271721
-0.12250229
-0.17819448
-0.32180026
-0.12677385
-0.12241315
-0.25743076
-0.19170327
-0.19232434
-0.15382853
-0.13286956
-0.2864866
-0.19704014
0.069032095
-0.15162998
-0.0323022
-0.23321773
-0.24151689
-0.20474069
-0.11664935
-0.24438258
-0.2394869
-0.24685906
-0.15242364
-0.26534998
-0.2596706
-0.16928655
-0.20537305
-0.099372454
0.09818989
-0.37643242
-0.14282624
-0.2457245
-0.25437054
-0.2619501
-0.23491606
-0.2292551
-0.16128069
-0.095296875
-0.16927566
-0.21853855
-0.22675785
-0.123103596
-0.15461224
-0.2436301
-0.27067572
-0.24395111
-0.23698647
-0.24240437
-0.15406062
-0.23813832
-0.11655965
-0.292574
-0.06225392
-0.24508937
-0.024680251
-0.03525888
-0.16580702
-0.062955186
-0.22696103
0.035042886
-0.40579855
-0.25517368
-0.2826078
-0.046141256
-0.1837402
-0.1630969
-0.29782167
-0.16310859
-0.20940745
-0.1292554
-0.3166219
-0.070640236
-0.096246324
-0.2165581
0.033348504
-0.21824032
-0.27325207
-0.27340508
-0.035591282
0.1421534
-0.14142813
-0.17372833
-0.15857318
-0.28425524
-0.16109155
-0.044194438
-0.23758548
-0.18343075
-0.15911853
-0.12763631
-0.03126158
-0.107731394
-0.15825742
-0.13963018
-0.12272531
-0.39030996
-0.19472939
-0.32201734
-0.16235775
-0.142876
-0.2291838
-0.14679265
-0.048997674
-0.17332006
-0.3684664
-0.14089899
-0.36981815
-0.160404
-0.14584984
-0.25631616
-0.20172918
-0.09450223
-0.19616118
-0.13205355
-0.16356695
-0.12070408
-0.14548402
-0.15919566
-0.13757734
-0.17222965
-0.054787245
-0.31575647
-0.21687384
-0.03177915
-0.15160365
-0.086647
-0.26813996
-0.28868002
-0.14943601
-0.20135005
-0.1377431
-0.26226386
-0.36981854
0.005256465
-0.2936534
-0.19027054
-0.18395567
-0.21203393
-0.1783061
-0.25375184
-0.05739558
-0.110502586
-0.2525932
-0.13219985
-0.21672554
-0.17787172
-0.19809157
-0.109490186
-0.1451248
-0.1598709
-0.051086638
-0.19606467
-0.24115966
-0.017706215
-0.120602004
-0.077656746
0.03592847
-0.46006638
-0.2768695
-0.23423956
-0.26358032
-0.2601864
-0.16736117
-0.22460936
-0.2358543
-0.44246048
-0.37576997
-0.08201312
-0.24205527
-0.24850595
-0.040854927
-0.2649783
-0.13618343
-0.25790307
-0.15539344
-0.045175068
-0.19912899
-0.21807013
-0.14633411
-0.20165896
-0.14643912
-0.20245981
-0.06982655
-0.23725076
-0.16313891
-0.23311897
-0.105555706
-0.10368928
-0.1804442
-0.31714085
-0.14711547
-0.18032414
-0.3584464
-0.24433461
-0.09787834
-0.16679253
-0.11656502
-0.3951607
-0.2407148
-0.19814812
-0.37584415
-0.079846814
-0.40203607
-0.2557522
-0.26232612
-0.29823026
-0.27737516
-0.29930773
-0.23792572
-0.30033106
-0.15156338
-0.09444827
-0.20808524
-0.16820502
-0.18110058
-0.20705892
-0.24173087
-0.13841869
-0.27655378
-0.23640598
-0.19004379
-0.21011434
-0.018433781
0.024739295
-0.20815544
-0.22822656
-0.28375292
-0.19651252
-0.08402063
-0.086047344
-0.24212006
-0.18691447
0.27020758
-0.04093811
-0.2943552
-0.12011377
-0.1450475
-0.22898042
-0.24083899
-0.010871459
-0.16579132
-0.37650454
0.22540759
-0.259953
0.08642046
-0.18977608
-0.30487832
0.08423277
-0.31822813
-0.1843281
-0.30827576
-0.213416
-0.26103866
-0.3262171
-0.2746014
-0.17865634
-0.16441828
-0.08657587
-0.22905569
0.03125331
-0.1680665
-0.1563565
-0.024125203
-0.3143765
-0.19041753
-0.20172475
-0.18710478
-0.26072627
-0.20557976
-0.2182098
-0.100665495
-0.06705121
-0.45400554
-0.29456574
-0.344189
-0.27334422
0.19307132
-0.18828256
-0.14020541
-0.17804585
-0.28383413
-0.094863676
-0.28882027
-0.15407985
-0.08049955
-0.27544266
-0.22865604
0.06339013
-0.20601784
-0.19552761
-0.20470335
0.078260176
-0.110349365
0.015345624
-0.21247049
-0.27478197
-0.25642318
-0.2892976
-0.084195346
-0.26248446
-0.19496228
-0.14371534
0.2379585
-0.35876587
-0.12092941
-0.19515835
-0.28957346
-0.23145238
-0.21012668
-0.25171107
