-1.3879485
-3.9298756
0.096466474
-2.7632766
-3.7589278
-1.4737711
-5.167332
4.2557144
-5.2081733
-4.8227406
-6.1394553
-2.8631623
-1.4507507
-2.164027
-2.787651
-3.7708855
-3.7096694
-4.34311
-2.3598752
-4.506556
-4.203349
-3.0082295
5.1896152
-1.8918827
-1.6081228
-3.5546954
-1.2863709
-2.4345403
-4.7396436
-5.732736
-3.9143088
-4.783333
-2.484397
-1.6944699
1.1086966
-3.330244
-2.7927008
4.31094
-4.805888
-4.4830465
-4.28066
4.1517677
-2.0403368
-4.3468432
-3.398891
3.7564118
-3.574902
-2.9919376
-3.5428295
-0.60370505
-6.481674
-0.9234515
-4.789104
-3.6295958
-4.0595074
4.0521708
3.003228
-3.2462242
-4.7329364
-5.0257
3.8238277
-4.377276
-4.504398
-3.9594874
-4.5727386
3.8924794
-1.760284
-4.0819626
3.0360062
-3.395139
-2.2444797
-2.7112536
-5.0601335
2.472654
2.8950315
-3.1962821
-0.7076344
-2.817347
-4.6369987
0.65664154
-3.951691
-4.0914106
-4.8740387
-2.7727053
0.2717511
2.054482
2.2879026
2.7652972
-2.4074793
-0.20824619
-4.112512
-3.3433912
-3.4254956
-3.2059565
-4.527694
-1.9862328
-2.0111158
-2.9099767
-2.9326358
1.4338729
-2.5040324
-3.5923955
-5.5393424
-4.2352543
-2.7248614
-3.0139844
-2.7079773
-3.598139
-4.824828
-4.1404905
0.45406657
-4.7287
-2.3613222
-4.096455
0.8719044
-4.678656
1.3933849
-4.925689
1.6879739
-1.4723779
0.9435878
-3.639865
-4.7136154
-3.415897
-2.4842193
-3.5115652
-3.2425518
-5.580891
-5.9599338
1.5543864
-4.5055923
-4.739336
-4.143879
-4.486413
-4.8984933
-4.2375116
-2.2570913
3.1784656
-2.7906334
0.31453398
-3.286824
-4.19632
-4.7830644
-1.023308
-3.943842
0.35778818
-3.4030826
-3.821336
-5.1452227
-0.5808508
-1.8446766
-3.4819396
-4.7617235
-3.3873434
-4.1604605
-5.3835616
-3.068099
-6.9704137
1.0367398
-4.607931
1.0592543
-0.9575268
-0.47925934
-3.486602
-4.0370626
-3.9219806
-5.391713
-4.9872437
-3.5321522
-5.010356
0.3240131
-4.245551
-3.2039413
-4.205917
-4.846174
-3.9761784
-4.4811893
-3.198962
-2.4360473
-4.545706
-2.9223142
4.044701
-4.446634
-4.265377
1.5286379
-3.8325
-1.6741579
-2.0171528
-3.4615521
-3.2593517
-4.1586666
-4.2940526
-2.8160229
-5.3578434
-4.568012
-5.0148897
-3.219902
-2.6618068
-4.3067503
-2.0555444
-4.1789036
-4.5258183
-0.67225426
-3.7373974
-3.8445785
-1.6323284
-4.483737
-1.7445884
-0.6687609
-3.8155541
-5.9175844
-3.6232967
-1.15266
5.281342
-2.0132957
-3.617106
-4.66589
-2.077525
-3.023032
-4.973808
-3.933044
-4.614617
-4.142404
-3.8722556
-2.4182405
-4.212314
-5.2758617
-4.7289176
-0.34027568
-3.0985458
-2.1463072
-2.6929414
-3.245244
-3.2245579
4.7893047
-1.8523852
-5.689207
-3.2135599
-1.580319
-5.8098783
-3.4962564
-4.74713
-2.7335176
-3.8850532
-5.1914167
-4.541022
0.97540176
-3.8404157
-4.507926
-2.938756
-2.351178
-5.4601445
3.418602
-2.5155735
-3.5531065
4.6378994
-2.6295774
-1.2381723
-5.962857
-4.395395
-2.7373252
-4.6258807
1.5188744
-3.2701266
-2.568032
-1.0019983
-2.0019789
-2.446986
-4.1509123
-2.3205369
-5.800718
-3.5465302
-2.3623452
-3.6820931
-4.3657303
-4.33574
-4.937058
-3.8020377
-5.3217626
-2.8250718
-1.8136406
-3.794244
5.5308285
-5.1227665
-1.6979308
-2.3150077
-3.8461518
-4.0807443
-4.596994
3.423144
-4.6249194
-4.4545307
-2.8428066
-2.5423295
-2.7702303
-5.9519043
-4.9436426
-4.4121723
-5.006902
2.4348364
-3.4874058
-4.8791637
-6.9192324
-5.1750374
-2.539276
-3.9904692
-3.6701283
-3.285975
-2.3922448
-3.921773
-4.211746
-5.384527
-3.3090293
-5.6761312
-0.2261309
-3.4635577
-4.4906306
-2.9573584
-4.220731
-6.092636
-5.204255
-6.283262
-2.733249
-2.0232065
-5.4021
-2.210735
-1.2839735
2.9777484
-4.2549644
-4.139454
-3.485391
-4.8047667
-3.824218
-4.272668
-1.1921301
0.96478057
3.021435
-4.530806
-4.4281077
-3.6902552
-4.1680164
-3.774013
-5.1284547
-1.7713727
-4.723587
-2.2343893
-2.3882477
-2.5706174
-2.9966872
-5.380417
-4.6148777
-2.8480744
-4.426193
-4.1941876
-5.193312
-1.6361878
-5.1949096
-4.1416597
-3.906314
-2.162515
0.89169335
-4.556104
-4.5411344
-4.6965446
-3.5568829
-3.9708796
-3.9472537
-3.060533
-3.8866997
-5.928375
-6.657036
1.4221876
-3.334659
-4.844597
0.21574964
-5.817143
-1.1412001
-2.5175433
-3.3500147
-2.375233
-4.5833106
-5.2295003
-2.5196366
-4.138581
-3.8195615
-3.1593807
-1.0930452
-6.340839
-3.787861
-2.330936
-1.7744551
-3.019811
-4.70495
-1.9986663
-1.711229
-4.056855
-4.4813313
1.6311527
-3.3679183
-2.734991
3.624437
-5.144705
-2.2508235
-1.5560664
-3.7547998
-2.7455482
-4.319889
-1.0453469
-5.6445093
-1.7079192
-4.871243
-4.913823
-5.9789515
-4.1742315
0.6133153
-4.386253
-4.1874022
3.9609463
-4.636529
-5.396477
-5.629901
-3.1002848
-4.5584116
2.0402415
1.534978
-4.2453275
-1.3103441
-4.520985
-2.1471004
4.1684313
-1.9192516
-4.124873
-4.9050636
-4.579473
-6.5847983
-4.605946
-2.9746547
-3.4163957
-0.7015471
-3.955455
-0.5569218
-3.0744154
-3.5102608
-4.4013257
-2.044895
-5.24543
-3.0099106
-5.747236
-3.0794904
-4.107393
-4.659643
-4.2897987
-4.3682165
-4.7060547
-3.4933493
-2.7508388
-3.68243
-5.512233
-5.852554
-5.053384
-1.3216796
-1.6060568
-2.4213655
-5.439598
-3.9469955
-5.092309
-3.880663
-5.3078337
-3.7061627
-0.3472181
-2.0098681
-1.4401387
-2.3140314
-0.6035696
-2.3307357
-4.573735
-4.295322
-3.0790057
-1.4499458
-6.227391
-5.1090574
-3.6625278
-4.4875517
-2.7473195
-2.9862201
-3.6776247
-3.1077905
5.4386363
0.8256611
1.1355023
-1.9206449
-3.5841029
-4.266314
-4.1535997
-3.655044
-5.4238915
-1.7486255
-3.2471657
-4.4493375
-4.090387
1.0066433
-3.3160203
-2.629564
-5.0558286
-4.167697
3.2293007
-4.590622
-4.3901925
-1.2892226
-4.8064094
-4.1917706
-3.2104032
-5.4338756
-4.006153
-5.035804
-2.4501371
-3.5049918
-3.0853803
-3.3724418
-3.3195457
1.2685002
3.3485436
-4.9011273
-1.3286804
-3.620197
-3.3863583
-2.5391576
-3.939427
-2.8349903
-4.2091475
-1.0215203
-3.718892
2.46779
-6.059626
-5.4591627
-3.1406405
-4.887926
-4.198023
-3.8421845
-3.7298176
-5.014038
-3.0745435
-5.284071
2.9739318
-4.321022
-1.1659012
-5.525898
-3.0797966
-3.5744162
-4.1425533
-1.9695072
3.37958
2.64184
-4.764074
-4.832517
-3.3035433
-5.631013
-4.364919
-2.4768848
-4.0750737
-4.3621645
2.8800514
-4.7856083
-1.6588478
-1.8686535
-3.4950368
3.6468992
1.5338686
-2.374213
-2.870064
-4.1938357
-3.6662974
-4.789959
-4.944244
-4.3363514
-1.7909493
-4.895275
-4.134798
-4.2333465
5.2899313
-6.2734914
-4.984328
-5.923579
-4.7058086
-5.896959
-3.7473786
-3.2845426
-3.9142995
-5.7883415
-5.191134
1.5730772
-4.5091996
-1.8345637
-5.287378
-3.9467964
-1.9313874
-2.7324274
-5.2064314
-2.9586935
-2.989972
-6.8206162
-4.807156
0.26937482
-2.9892385
3.9150898
-2.7887242
-4.667032
-0.6416281
-5.811739
-3.5628793
-5.1750064
-4.662173
-5.2627087
-4.564749
-5.2397547
1.8338672
1.8770895
-2.1624947
-4.169292
2.191363
-3.5847888
3.4596713
-4.436049
-2.5439043
-6.8878965
-1.1590439
-1.1190702
-1.9967858
3.4692328
-5.8055916
-1.1810645
-2.7190025
-2.9696975
-3.9115431
-3.4276006
-5.396806
-4.4364467
-2.9100547
-4.01112
-3.8971663
-3.9085343
-3.812735
-3.3959506
-3.4389548
-4.7605114
-3.3186617
-4.3947916
-4.126174
-2.6524882
-4.243954
-4.280355
-3.7549796
-3.9129825
-3.620719
-4.7231812
-1.8112577
-3.0522952
-3.502397
-4.8667426
-3.7197373
-4.72704
-4.6718884
1.9096688
0.244526
0.33501285
-3.6587408
-2.5996947
-4.422908
-1.6137518
-3.9429567
-2.6459436
-3.3662918
-2.788106
5.424273
-2.8390105
-3.548575
-1.1057768
-3.4614034
-3.8150828
-4.5209384
-3.532595
-2.0466964
-4.4121666
-3.8829587
-0.0835795
3.9981694
-1.9232153
-3.6994221
-3.407147
1.1038318
-3.7158139
-2.1875358
-3.648033
-4.18853
-4.217694
1.5955774
-4.85928
-3.154947
-1.1277268
-3.1282575
-5.8395114
-2.1259773
-4.8418164
-2.5135756
-3.5343726
-4.3725104
-2.4338148
-4.9529967
-5.5004597
4.0235615
-3.8435462
-7.791964
-4.161584
-4.687697
-6.728212
-2.9020653
-2.455248
2.752309
-5.7592926
-4.2082314
4.13253
-2.3658977
-4.7411933
-3.0042222
-2.560363
-3.5342314
4.3079443
-3.1592865
-6.1454983
-4.522495
-2.9803147
-4.433538
-0.45073494
-3.701396
-4.217816
-3.3093302
-2.1739895
-3.6114647
-2.376407
-5.0337105
-3.131572
-5.520816
-0.024868594
-1.1640732
-3.2548778
-3.5729148
-3.2936354
-1.8165253
-3.0442486
-5.979735
-4.9379187
3.4229085
-4.6294866
-5.9420266
-1.4826863
-5.087851
-3.331209
-4.895121
-2.6223235
-3.1714911
-4.1944036
-4.654293
-4.221376
-3.995489
-1.688966
-4.338853
-5.1344767
-5.5800896
4.582712
-2.5485365
-4.0583344
-5.1083155
-0.07450072
2.065092
-2.5694063
-2.2934957
-3.6663463
-5.2878327
-1.9433554
-3.3904006
-3.0106199
-4.195334
-3.9789279
-6.462861
-2.770414
-4.854736
-5.4455934
-3.0623956
0.13618581
-3.88982
-3.836119
-6.043462
0.71686167
0.16011833
-4.4467707
-0.0842902
-4.2604733
-3.2436488
4.5701094
-0.043988355
-5.639255
-5.24475
-5.1248097
-4.3238964
-3.739967
3.2936435
-5.0950527
-6.3731008
-4.1457386
-2.9826052
1.3947004
-4.0844426
-2.5586083
-3.3003187
-1.6998857
-3.8576326
-4.4953313
-1.2058244
-3.482864
-3.0171814
-1.1108943
-1.8991765
-3.81151
-4.586038
4.557249
-4.698058
-0.8335915
-6.080669
1.4941465
-4.74414
-3.7716937
-4.418714
-1.8743958
-5.472802
-4.9904246
-5.3094897
-4.579113
-4.776755
-4.2324324
0.13610867
-4.116638
-2.941573
-5.290867
-4.5554333
-1.0430092
-4.4438963
-2.1207266
5.1768126
-0.9629923
-4.384238
-3.7757478
-3.0330927
-4.486928
-4.270568
-0.20213147
-5.2363214
-5.507024
-3.737982
-4.0725064
-3.2063143
-0.71650666
-2.7796009
-3.5427837
-4.0304513
-4.560765
-3.987447
-3.741534
-5.3949637
-2.4065127
1.545827
2.6732602
-4.21029
-2.7920916
-7.1011643
-2.9496915
-1.2038783
-4.1665707
-4.903702
-2.701857
-2.596611
-1.5023417
-5.4988284
-4.427221
-4.4460607
-1.4147967
-4.144543
-3.079642
-1.1777449
-3.5272682
3.8181062
-3.8680356
-2.4221337
0.81348825
-6.4139113
-3.0725486
-2.2525988
-5.161649
-4.322747
-6.047263
-4.050718
-0.66275084
-5.144534
-4.6589303
-4.7916036
-5.01798
-4.343295
-3.951999
-4.791687
-5.259124
-2.525902
0.45711264
-2.6194062
-2.952447
-3.2650762
-2.0501115
-4.3039145
-0.967179
-4.6708336
-3.5980015
-4.0631723
-6.391454
-1.5965464
-3.9103076
-1.2127835
-4.8668447
-2.657299
-5.9689374
-3.7985408
-4.5802608
-3.5850322
-2.1017327
-2.2231302
-2.4576366
-3.8584106
-4.193555
-4.6617594
5.00776
-0.986082
-4.4793177
-3.0725822
-2.9716756
-4.078836
-3.5088701
-5.1481347
-5.513423
-3.7646399
1.7418594
2.5846612
-4.280889
-4.6818705
-0.90483
-4.946044
-3.5262053
-5.248273
-3.8903337
0.16100352
2.172774
-2.967405
2.1114159
-4.695529
-5.7104154
-0.030286966
-4.4055033
-3.9802597
-3.7272105
-4.3877106
-3.886941
-2.3815377
-1.8293281
-5.4801016
4.946371
-4.5505767
4.0913544
1.0402017
-4.8730326
-5.9982715
3.883482
-2.7488067
-1.761284
-5.3074336
-0.5275539
-1.4478275
-4.3904138
-3.8304713
-2.2717354
-1.8054262
-2.2637527
-1.3675454
-1.869242
-6.3013396
3.4275804
1.9068822
-5.02758
-5.3180184
-4.325888
-3.247626
-4.18091
4.358322
-3.1911225
-3.0887542
-2.6433372
1.0115513
-3.9454856
-2.0850568
-3.7533195
2.7415292
-6.3094964
-4.71088
-3.9926937
-4.79371
-3.9738393
-2.5309124
-4.232793
-2.6002593
-4.6086235
-4.54698
1.008254
-1.3076823
-2.12329
-4.9420757
-4.2890277
-3.3348584
-5.879159
-4.685946
