0.9600717
0.9422351
1.1021703
0.954014
0.8531564
1.1222087
0.8856744
1.2098805
0.9032814
0.9145672
0.9003465
0.7510821
1.036363
0.87804097
0.9088265
0.9508239
0.9034835
0.9824509
0.79932326
0.89815426
0.8837814
0.83427006
1.224528
0.9963446
0.9279
0.91249055
1.0450258
0.9198971
0.8750911
0.85944885
0.839938
0.88569677
0.8141232
0.906614
1.3311888
0.9712067
1.0025738
1.017522
1.0226401
0.8928173
0.8810079
1.1859173
0.9430624
0.78623265
0.9037165
1.1531597
0.89855134
0.86267984
0.8572459
0.83420527
0.9286253
0.9622988
0.8933098
1.0012074
0.8940567
1.1751741
0.9757481
0.969724
0.9462627
0.9714898
1.132099
0.8366898
1.0294328
0.9056048
0.95508957
1.2005098
0.9818856
0.87054646
1.0823922
1.0247672
0.9613752
0.9254734
0.98447764
0.9999277
1.039884
0.90395486
0.9654113
0.97042793
0.9267738
1.0010217
1.0438693
0.9310554
0.9933166
0.91205746
1.1676737
1.4328765
0.9852952
1.0810721
0.98133385
1.0179341
0.951135
0.9088654
0.8613104
0.95632696
0.954746
0.89284176
0.9378933
0.9860547
0.96810555
1.4160554
1.008864
0.9483269
0.87804127
0.853343
0.9558939
0.8610365
0.92233163
0.9017167
0.80532956
0.9320083
1.385367
0.9147995
0.9631802
0.9175662
1.2669889
0.76047325
0.9033577
0.9426294
1.2258332
0.7805482
0.8711854
0.9049462
0.9026376
0.86556965
0.88680845
0.93302125
0.952281
0.9628353
0.8776281
0.87715197
0.95059115
0.905673
0.7490159
0.81260425
0.88890916
0.9781699
0.9424743
1.0988444
0.9532288
0.9260163
0.9920892
1.0292366
0.7250508
0.80705464
0.964589
1.0677576
0.9801769
0.9437855
0.8922609
0.89468265
0.929548
0.882239
0.91212136
0.96210384
0.99596906
0.925653
0.87155825
0.90029186
1.3639102
0.8944295
1.0840725
1.0914243
1.2016577
0.923282
0.9593035
0.92036194
0.9013807
0.9916049
1.0030398
0.868138
1.2472454
0.8593164
0.95964324
1.0067333
0.9098275
0.92074555
0.9377723
0.9096253
1.0038631
1.043173
0.9368619
1.0675731
0.80476964
0.91860443
1.4090933
0.9040404
0.7047672
0.9385725
1.0454193
0.9007448
0.87135255
0.96975803
0.8569378
1.0172449
0.98636794
0.95347565
0.9096042
0.9495825
0.9749524
1.023644
0.9684946
0.87273055
0.9749412
0.89633644
0.9802905
0.88325244
0.94490594
0.993585
0.8694624
0.9235506
0.9386459
0.96885586
0.8400997
1.2168738
0.9484272
0.9300951
0.9258915
0.92171997
0.87140024
0.9391195
0.9279587
0.89883876
1.0300819
0.94365436
0.9003192
0.9211494
0.98291063
0.96133274
1.1947162
0.9502921
0.871064
0.9913283
0.8524984
0.9794294
1.2698858
0.98301387
0.89900905
1.0104821
1.056556
0.91659796
0.8565721
0.8835425
0.86439157
0.9121835
0.99675274
0.9603997
0.76133543
0.8647647
0.93728083
0.9062393
0.9548135
0.8559958
1.1743472
0.89837295
0.8346216
1.1519456
1.0043205
0.9755744
0.9370617
0.82228947
0.8677864
0.9089336
1.3772975
0.813856
0.96589184
1.2296109
0.94440377
0.8696877
0.85551745
0.7991167
0.9312989
0.9734344
0.81033146
0.8076678
0.86192685
0.7984534
0.8846578
0.89602214
0.92676944
0.9715108
1.062833
0.942848
1.1715432
0.92651325
0.8850015
0.9161378
0.96796846
0.7994521
0.7651775
0.79516774
0.9206814
0.77674234
0.93933773
1.0102022
0.9629043
0.952975
0.82136494
0.9610936
1.0470835
1.1601502
0.9010904
0.9158891
0.89944315
0.87493896
0.9134898
0.9801216
0.8763474
0.87725854
0.99988997
0.8288509
0.94773704
0.89373636
0.9186956
0.97963315
0.83492726
0.94110376
0.9599683
0.8887843
0.7865958
0.9349954
0.9419799
0.99260414
0.96411103
0.9894384
0.898794
0.9684585
1.0658877
1.5100002
0.86973923
1.0314444
0.83300555
0.9052548
0.9244257
0.8573359
0.9327822
0.83394885
1.0799942
0.9413065
0.870947
0.94801396
0.95215064
0.90883464
0.88832396
0.8794116
0.9182089
0.91967684
1.0381945
0.95726866
0.8555258
0.95125234
0.9564008
0.9144248
1.0018873
0.8169197
0.9226721
1.088984
0.8528816
0.9313545
0.87413925
0.95476156
1.4578205
0.98810154
0.89737415
0.9246158
0.9584409
0.95508903
0.9374986
0.95263374
0.91371727
0.96948636
0.90036595
1.0731148
0.8883153
0.90311795
0.88096166
0.7862459
1.0006135
0.983117
1.0047909
0.7152889
0.8656059
0.8513227
0.9688748
0.8444472
0.9053383
0.8841306
1.0769006
0.86188984
0.9128177
0.8202531
0.8965786
0.9494393
0.9172429
0.9389604
0.8688686
0.8242289
0.9827917
0.9950048
0.92313296
1.0144895
1.4163293
0.9108825
1.0722233
0.95468765
0.9535007
1.0450255
0.93890846
0.90914696
0.8756696
0.8336626
0.86393905
0.9716239
0.9297821
0.9633446
1.0071023
0.7709379
0.9655352
1.0754831
0.9997034
0.91959894
0.8760433
0.8586945
0.9053462
1.3533608
1.0161412
0.843299
1.0048121
0.93333703
0.9503913
1.2218299
0.9296209
0.9538495
0.9113938
0.9525192
0.9984418
0.9085734
0.98780495
0.86256766
1.1608286
0.95436865
1.0522791
0.8477498
0.9516051
0.89708126
1.0036201
0.902985
0.8376868
0.8692703
1.0505065
0.93316805
0.9008686
0.92605215
0.91139054
0.7644299
0.81267905
0.94135594
0.81479
0.93349487
0.96103346
0.8673652
0.9682982
1.4854544
0.7543322
0.88815445
0.9138185
0.8520342
0.90485835
0.84114003
0.9720096
0.9071693
0.8980662
1.0895578
0.9414636
0.99863636
1.0359644
0.89192545
0.8841207
0.8926635
0.9167718
0.87131786
0.9769089
0.9996297
0.97764504
0.89009845
0.94673556
0.9661212
0.9474631
1.1418152
0.9387541
1.0241531
0.8929331
0.92205673
0.87788635
0.87511736
0.8804921
0.90391576
0.88597417
0.92379564
0.903833
0.87712544
1.3880097
0.94942033
0.757314
1.0194962
0.9405093
1.0549693
0.90016025
0.9026954
0.9013122
0.86728615
0.8539149
0.94288945
0.9062246
0.92635596
0.9257363
0.9378213
0.9981029
0.9184335
0.9769247
0.9921933
1.4460855
1.0662041
1.0253267
0.89175516
0.8409735
0.8386402
0.9400161
0.8438512
0.92190814
0.8677052
1.0659057
0.8800314
1.1227776
1.048827
0.8164141
0.9172002
0.94567484
0.9195905
0.8393798
0.8837071
0.87915766
0.9814924
0.84107584
1.1271797
0.90561473
0.90073246
0.86939806
0.79445326
0.8191875
1.0414296
0.84549046
1.0312793
1.3707031
0.8924141
1.0019141
0.9748701
1.059826
0.91020805
1.0822766
0.9346208
0.9277248
1.2088313
1.035056
0.94247377
0.9120164
0.92212045
1.0723156
1.1073153
0.8828071
0.85712373
0.9467193
0.9250503
0.8355217
0.9320421
0.9449371
0.9199592
0.9065237
0.8633667
0.9389065
1.0659354
0.8678187
0.8673622
0.873931
1.0019608
0.92433524
0.84641635
0.8298581
0.7634136
0.97177404
0.921547
1.3680516
0.9450533
1.0243274
0.95204616
0.96762025
0.8103572
0.9041875
0.9654282
0.8045883
0.98842716
0.9327003
0.95555365
1.0301282
0.9665052
1.1582872
0.9182824
0.837321
0.91334146
0.93119943
0.8764628
0.9369546
0.9683169
0.95167255
0.84428877
0.8058257
1.0502995
1.210806
0.7869007
0.9045234
1.3070858
0.98778397
0.9594439
0.8779278
0.90273935
1.0109624
0.9834227
1.0022639
0.961517
0.952439
1.0053701
1.026751
0.8265838
0.96912014
0.8993342
0.92825603
0.94816476
0.9596497
0.86093235
0.84280723
0.89019257
0.9220155
0.94609857
0.88694143
0.9143089
0.99493355
0.9558157
0.9025636
0.91200775
0.9399358
0.93464196
0.8829091
0.95513517
0.917991
0.9565937
0.9090007
1.0031607
0.84987336
1.0119982
0.8870803
0.91715485
0.9875188
0.73060334
0.89508724
0.8227498
1.1833655
0.9899518
0.95332855
0.8813362
0.90507245
0.9397324
0.9444033
0.86039805
0.9342354
1.1840917
0.94215083
0.99587387
0.7855546
0.995865
0.9245244
0.9203757
0.910771
0.91919774
0.95049566
1.051283
0.90325344
1.1482755
1.0196083
0.86964035
0.96291167
1.0610503
0.91021615
0.8756443
0.9259257
0.8677013
1.0134246
1.1919925
0.98111016
0.9911451
0.80961907
0.9540706
0.83428216
0.9058839
0.89073414
0.9956072
0.8802192
0.92569745
0.9477374
0.90399206
0.95915204
1.1982608
0.87918586
0.9549437
0.9717789
0.8103284
0.9747991
0.84289294
0.9420722
0.98707175
0.8739632
0.8620009
1.1235107
0.93694913
0.91983783
0.9253362
0.93291086
0.940277
1.3025508
0.9335931
0.91818273
0.9569168
0.9237277
0.9092005
0.85786414
0.93622357
0.89576375
0.90310115
0.73634875
0.81507814
0.7852183
0.89870024
0.9467541
0.7676241
1.2611339
0.9782864
0.94282067
0.92012006
0.9639729
0.8931056
0.96883404
0.756183
1.0235807
1.1101745
0.79016215
1.0049307
0.8199934
0.8274595
0.70704585
0.94837534
0.8881513
0.9932668
0.9338079
0.8117639
0.95163536
0.9577198
1.0560427
0.95008004
0.8985484
0.9127438
1.2575178
0.9710122
0.8915976
0.89924645
0.94970185
1.2949705
1.0027843
0.89321613
0.9265145
0.9337836
0.93136466
0.8304899
0.8749021
0.8687139
0.932365
0.92054194
0.9814892
0.8475701
0.7543907
0.98017025
1.2003672
0.9053093
0.87415016
0.8958661
1.1049488
1.2357044
0.9656501
0.9825455
0.8029564
0.88508874
1.218773
1.091958
0.8581686
0.93187684
0.8311728
0.95165646
1.0175358
1.156772
0.8504767
0.9857689
0.9513671
0.9686222
0.84357315
0.94043577
0.83722067
0.85400665
1.0018587
0.9856566
0.9754949
0.87727547
0.89871734
0.8868323
0.86326116
0.8983315
0.9772162
0.756514
1.1620635
0.87425184
0.8044749
0.91314995
0.93544275
0.9494868
0.80865395
0.9193615
0.8336822
0.8442975
0.84490687
0.9676092
1.0011
0.8904376
0.9664979
1.0340115
0.9977674
0.8539513
0.9335357
0.97357076
0.90715694
0.84582675
0.93586266
1.1659558
0.95349777
0.8926511
0.9823599
0.87654316
0.94368285
0.99232155
1.0618619
0.8180447
0.96885836
0.94648826
0.9590652
0.9555896
0.9977589
0.96477973
0.95715374
0.91282153
0.87316775
0.95700073
0.967672
1.0165507
0.89003587
1.1081023
1.0247965
0.90728444
0.7294514
0.94486636
0.8512855
0.8569114
0.95717275
0.96050894
0.9178851
0.9680714
0.9089519
0.9473436
0.9553574
0.9693358
0.90704954
0.9081646
0.9355714
0.8930921
0.92217445
1.1427573
0.93698984
0.90230167
0.9646866
0.8617153
0.7635023
0.9512913
0.95762545
0.90463865
0.99404037
0.921499
0.90681565
0.99736047
0.8489039
0.888811
0.88968503
0.9120348
1.0182163
1.0066156
0.9104345
0.9175075
1.0685163
0.9028646
0.9855073
0.85899496
1.035362
0.9752989
0.94220763
0.8303491
0.90729713
0.9576642
0.9775937
0.87770236
0.8972846
0.9587509
0.97923535
0.90380454
0.97096336
0.83798116
0.8957615
0.9173652
0.9916712
0.83967113
0.99501526
1.0328003
0.9231856
0.9423703
1.0289559
1.0632247
0.91992635
0.9660782
1.029159
0.9215804
0.8453531
0.9147266
0.8460622
0.92515045
1.3989474
1.2242998
0.89719146
0.936034
0.9049813
0.90822333
0.9790119
0.9492016
0.9392247
0.9193465
1.679585
0.99244744
1.189879
0.8238951
0.90524566
1.1254575
0.82977414
0.9978082
0.8969363
0.96024895
0.956004
0.992631
0.9890802
0.978007
1.2101519
0.8989131
0.91732246
1.2398741
0.8983645
0.9633738
1.2409396
0.8193121
0.9180887
0.9828378
0.9077485
0.9057601
0.91008514
0.95666426
0.95839316
1.0200624
0.9022572
1.1098496
0.930065
0.9877362
1.4980862
0.9600755
0.96082234
0.92947483
0.8678914
0.8827107
0.94501954
1.1092329
1.0280156
0.8977396
0.90934956
1.2699382
0.9065114
0.86418533
0.7987884
1.3411739
0.9850238
0.98279786
0.9708238
0.88183427
0.9665417
1.0319759
0.89621353
0.8836681
0.88243073
0.8819946
1.3048154
0.9118923
0.8383312
1.0033154
0.91734153
1.0135773
0.9841659
0.9270725
