17.265676
25.950914
15.615655
18.77176
15.401827
15.666744
24.541971
13.265588
17.945038
14.039547
14.508432
20.533718
25.534454
14.921519
13.968178
18.646532
20.45433
27.667465
14.724009
22.141357
17.56762
22.716227
17.732147
18.811117
26.01642
23.353527
18.482933
24.038954
12.64036
29.708027
20.243385
33.969498
21.456041
14.993564
14.331489
18.153807
21.342184
13.450728
27.156754
17.332542
25.78684
13.800395
19.505032
12.440771
21.958044
19.823496
17.300726
20.115107
18.421566
20.280634
14.110328
16.39789
16.70922
27.6621
17.671558
15.008427
16.886759
25.28746
16.480228
18.700056
20.850883
13.801867
20.31504
11.815393
22.025488
14.247998
15.639063
17.009836
18.229698
18.859709
14.696902
12.874039
18.76485
12.31862
12.683815
17.688126
14.268902
17.69608
19.4625
20.241327
19.833336
18.019169
25.958342
24.0573
16.55922
19.157177
12.927842
17.76496
19.063202
23.622953
14.672984
16.944838
22.31716
21.856913
17.178316
22.313904
25.124807
17.390245
20.286253
15.464938
29.42443
15.747805
23.533293
21.3952
17.123716
17.286034
21.734682
20.57969
30.377102
14.73933
16.920067
18.481785
14.883985
20.194191
18.236094
8.356075
13.9569025
19.271715
15.869765
8.932716
17.57374
20.849611
20.021872
15.036379
17.67376
22.307234
34.798073
17.960423
23.380625
10.7751665
16.518524
20.499
25.063726
21.634073
22.944653
21.15563
15.888959
14.125274
14.874528
13.357927
14.897556
33.459473
32.219646
22.109688
25.481018
16.819265
17.842693
18.686779
15.8731
16.530025
16.111834
19.06981
20.568123
21.340118
24.007267
23.434841
25.832977
13.046013
21.336422
15.608678
15.492566
16.186787
19.556755
14.702553
16.590824
23.666475
15.742853
20.05742
24.08589
15.736951
13.349843
28.843197
14.927003
23.847412
13.94751
33.23559
19.596281
20.687431
18.321703
20.73156
16.176268
18.441818
19.210997
12.743033
21.42388
16.70456
13.607317
28.912186
19.170643
16.552725
19.10177
29.233974
21.443611
23.586864
25.695494
16.20567
15.858326
33.816753
20.255589
17.628447
34.32667
15.719884
13.271575
16.903494
19.255026
16.262003
21.867477
17.198294
16.597532
15.235476
20.69151
16.5758
18.614704
17.24986
16.642324
17.975334
16.29746
14.942282
19.409254
34.599716
22.701935
37.10215
20.845688
17.538292
25.401573
19.9563
30.123898
17.112907
11.991148
24.034729
20.249346
16.376366
18.1004
18.261984
21.772497
23.277882
28.565805
23.52893
17.266077
14.915952
14.448306
21.944565
12.891849
18.2641
25.782938
19.469625
14.192907
26.448746
17.599915
23.871422
16.900665
16.183483
18.282177
18.98075
17.696087
17.95474
17.743979
14.071425
18.613052
16.600285
15.620981
18.550913
17.565722
11.375862
19.74265
13.978195
17.59602
15.616888
15.194352
22.162876
14.238784
21.905529
12.946418
11.088286
12.780595
19.361784
15.753897
13.848988
21.217577
17.957617
28.198687
24.73977
15.875957
16.836777
16.996069
19.540028
18.284477
13.107463
12.894515
11.676565
21.070135
18.138357
18.348375
13.125672
20.646372
18.555897
16.564846
20.592428
22.718725
16.00164
22.817158
15.29672
21.040895
28.889
20.303205
18.512173
15.89654
22.88859
15.138899
23.917002
17.65541
26.700226
16.769136
26.686989
13.462731
22.162222
32.52304
17.427185
14.556418
13.131878
17.27692
37.24642
16.101845
19.363867
21.90242
18.794062
30.754341
14.756561
17.339437
20.33252
20.161514
25.448635
19.485594
33.411083
11.431225
16.170647
17.549736
30.911547
20.685532
19.741322
12.693632
13.768983
17.594877
14.169664
20.267452
14.362452
20.16369
17.857372
22.561296
16.533342
17.44745
13.672972
23.141815
22.898947
23.244993
18.829893
15.943702
22.264658
23.53047
19.945007
18.2726
18.080914
16.55432
16.292925
16.868813
12.655659
17.066902
19.18336
13.436478
17.682028
18.199322
22.072365
21.885666
21.704885
21.213573
20.366087
24.19653
17.707901
33.648663
19.13412
18.197063
14.156503
19.473795
13.34485
20.267447
26.238903
15.606143
28.877163
26.350256
16.767763
24.823132
22.694357
19.820444
16.628113
12.969972
15.914657
21.05329
15.783089
24.261333
21.959116
17.638128
29.668726
18.725752
16.698618
23.481314
17.623358
11.754135
15.490967
12.258151
9.540736
23.394434
18.162159
22.48938
18.951075
16.102982
16.548286
22.453707
24.382685
18.273949
31.43145
14.769475
11.9923115
15.46499
16.460484
13.538559
16.628258
14.27419
14.228321
21.785439
18.637035
14.989556
14.812454
14.150309
19.74375
24.838768
14.674472
17.06007
13.636212
14.90111
23.118399
15.7242985
18.051691
21.798769
16.189821
18.890972
19.264736
23.373055
13.036123
20.634949
20.981802
15.881614
14.307907
13.504571
22.197407
11.692555
16.553465
16.805193
31.441082
13.8081
17.922346
17.241203
24.588148
9.835927
17.723211
17.554379
13.247564
15.757589
15.302285
23.18379
18.846882
14.806386
27.357111
24.758202
14.701274
17.329699
18.949877
17.947792
19.609234
16.261463
18.534054
21.238918
18.678595
14.617123
17.289444
14.683701
29.967583
18.582233
22.461496
11.2375765
22.156395
17.581856
16.749968
19.82402
16.998945
22.64851
17.943146
17.95582
13.563912
19.595098
18.908136
23.480381
19.646126
10.357325
22.159908
24.50419
20.849268
21.612982
16.857012
15.468278
13.263395
38.440125
15.092328
12.365046
14.254406
20.3507
29.923317
28.076164
26.62519
14.381245
16.833597
15.424309
15.655608
25.897976
15.47703
17.261269
14.575311
24.073862
18.717356
16.908644
17.245054
15.655272
17.980392
15.717532
25.111689
21.912207
18.730059
34.066338
27.34188
19.071098
20.742502
18.347645
19.286715
15.331632
13.096824
37.18045
21.93295
21.556774
12.43544
12.564628
21.830084
13.789963
14.421896
17.210815
26.353256
25.94546
19.087454
29.184654
27.475187
17.879786
16.435863
13.534245
16.291199
18.918457
13.22568
17.347126
15.085919
13.590998
14.899426
15.591681
16.665869
15.509353
20.624174
11.692372
16.562998
14.975719
15.002086
17.8483
12.259498
16.520315
8.0201645
18.922462
16.386398
19.953749
24.775108
18.20773
16.725163
13.151174
23.569088
15.402461
16.75877
20.934978
20.081001
18.027117
19.380848
16.532873
12.067936
11.501554
24.205442
17.221825
21.760021
24.099915
32.349407
18.35017
19.577244
13.467965
16.5805
16.097189
16.133078
20.164066
16.17227
20.530994
17.759443
13.317674
16.133745
22.218187
14.770239
10.968938
13.443046
21.405132
21.75406
17.657963
10.414919
17.348356
19.728043
25.373049
14.072977
17.91922
19.901588
17.806911
26.102184
17.074347
13.097332
25.734182
11.144644
17.48552
15.467173
15.008019
11.78275
28.478806
26.456541
17.516949
15.594309
20.77905
19.65168
46.715088
15.188653
13.048446
20.00049
14.343402
14.647568
23.258738
24.305075
22.822784
14.46603
21.392332
16.67276
16.814325
21.358582
28.086819
17.535294
22.626446
14.558496
14.05356
9.533594
13.674771
20.5942
22.690556
16.22346
19.432919
26.923006
14.61695
22.768875
20.237741
15.665525
20.713673
14.391861
13.808194
16.691732
17.088116
25.972433
21.0427
21.972525
23.673595
21.408875
19.545124
17.485382
22.419304
7.5090895
12.70733
13.850771
16.759829
19.704285
22.81216
23.745146
18.07201
15.323661
25.403187
18.542263
22.520353
23.673035
10.485751
17.094704
18.517107
23.72121
21.567455
15.289333
14.896269
20.684643
34.222965
16.541405
13.917296
14.336937
21.351751
14.153163
20.310955
14.287569
13.227836
19.080256
27.591204
15.710462
15.802828
15.95451
23.24484
18.628296
17.240482
17.778847
16.231834
24.635853
25.000162
15.966431
20.705282
21.285316
19.448746
21.058998
14.155407
19.368446
14.155305
13.284568
14.721711
16.233652
18.993061
14.672837
20.833654
14.615759
20.56202
30.130125
15.91073
18.577932
15.688523
19.718246
19.087242
20.047916
16.225521
21.898157
14.022433
14.49228
15.792051
25.350819
17.314556
20.163357
14.979163
16.16338
26.665564
14.895665
21.014437
19.447916
27.253181
21.010923
18.397442
28.776587
16.879715
22.035128
11.587989
15.581056
17.27936
17.304735
21.678898
27.923008
20.948278
15.336956
17.015926
19.731676
16.123085
21.126698
14.044149
16.99857
19.551266
19.611868
20.698502
14.743906
21.965168
16.484457
14.815298
19.891993
19.872198
20.283403
13.070118
15.576602
12.586969
15.57644
10.929986
15.094382
17.807339
19.036535
22.138182
19.111511
21.193363
25.29968
22.06546
21.613747
12.895092
16.88066
16.138475
18.043373
17.260838
22.984497
38.531696
21.574842
20.937721
15.937182
13.906237
18.146914
21.039076
17.765982
11.080668
23.162779
11.375152
18.549742
13.051999
21.27043
15.27302
19.751856
11.748418
16.325932
30.149475
17.220108
20.558413
21.898014
20.328747
13.693671
18.976608
16.436472
16.625206
19.098492
16.437
22.88721
14.943366
14.187351
16.48859
18.044775
23.23164
19.58021
19.355562
14.89826
15.707387
37.53602
19.498388
20.733725
12.243944
26.49795
22.170116
28.866055
18.436459
20.98942
17.016182
16.351135
17.067627
32.386272
17.09417
17.9146
15.545129
17.762096
13.016748
14.440956
15.944398
11.003129
15.79342
14.924979
15.449786
14.9295435
14.870937
15.183467
16.008038
20.6964
24.474722
15.341112
21.198988
13.934103
14.077805
17.344696
19.61484
16.016502
14.08014
14.976796
17.274052
17.472984
20.10755
14.367345
20.421968
14.995896
22.115324
29.275927
16.115854
13.740177
22.316154
21.618803
17.856136
27.101086
18.33423
18.456991
20.50297
15.943181
15.760469
16.319603
16.81965
24.979736
15.124047
15.897193
15.954669
25.423908
15.311238
13.730699
17.620914
22.089642
30.8523
27.519339
18.601505
21.712685
21.31388
17.322556
21.279097
17.196104
21.627737
24.916082
11.181047
17.69992
15.415511
12.417327
23.73204
14.949851
19.119814
20.993778
18.148626
19.702377
18.297922
14.467374
16.10439
12.813326
22.762169
18.015062
12.688317
16.112156
21.8063
17.041157
23.40257
18.23089
21.397478
21.692005
26.134604
16.914528
13.351685
18.159805
12.767347
21.171787
17.540207
18.699362
15.722861
16.01343
19.53195
22.042295
16.255018
16.559395
15.075085
13.823268
25.720266
19.414536
17.39594
16.186867
15.827448
16.670202
16.552126
11.433752
25.95116
12.189526
10.783688
31.066414
18.961416
18.36831
15.82286
23.969173
15.304712
14.302268
22.977976
21.041597
9.77657
20.06468
18.463026
16.947474
30.606243
28.097975
15.324507
16.131477
27.386171
17.053474
21.649454
19.981052
20.397703
30.392721
20.303896
20.0119
12.231531
20.507309
22.594227
16.017717
17.585575
18.001791
17.914196
17.289705
15.927236
22.05979
15.74486
14.528306
20.583351
21.953043
