-0.414982
0.533665
-0.498879
0.416682
-0.618945
0.715681
-0.042852
0.163362
-0.255187
0.280341
0.270925
0.061421
0.206023
-0.342982
0.391393
-0.756301
0.713956
0.526431
0.716927
0.203332
-0.014769
-0.263184
-0.277535
0.639145
0.066431
-0.558091
-0.807647
0.190113
-0.300696
-0.338977
0.305502
0.261812
-0.098699
0.361394
-0.585133
0.392339
-0.379197
0.073373
0.360224
0.748173
-0.667217
-0.379389
-0.826344
-0.079019
1.032421
-0.451389
-1.023270
-0.370574
-0.802061
0.332791
-0.028982
-0.412445
0.253526
-0.869105
0.549639
-0.800075
-0.116033
0.468472
0.543573
-0.820993
-0.814440
0.822570
0.115601
0.465314
-0.107835
-0.091895
-0.153282
-0.138498
-0.642987
-0.156893
-0.092952
0.904388
0.354198
-0.537913
0.124373
0.054878
-0.917555
0.857918
0.225328
0.087922
0.362007
0.197596
0.215357
-0.100724
-0.459414
0.119642
-0.659669
-0.597056
-0.473256
0.901834
-0.060892
-0.982880
-0.518160
-0.538760
0.319209
-0.778412
-0.518051
0.120638
-0.260182
0.504512
-0.708472
-0.744159
-0.055786
-0.119668
-0.774735
-0.749682
-0.184014
0.077457
-0.816298
-0.544407
-0.125409
-0.246917
-0.181240
0.009622
-0.084892
-0.143970
0.460333
1.051296
0.149494
0.467886
0.246752
-0.015459
0.632247
-0.020666
0.884047
-0.480862
-0.097553
0.356862
-0.076889
0.417570
-0.056561
0.537317
0.752353
-0.285661
0.855701
-0.571373
-0.556355
0.644110
0.403979
-0.617480
-0.160248
-0.038920
0.968495
-0.088360
0.948126
-0.023912
0.016368
0.639050
-0.509660
0.126789
-0.881657
-0.746261
0.149520
-0.511052
-0.137842
0.153548
0.835506
-0.180781
0.478485
-0.877773
0.038428
0.854656
-0.173002
0.326719
-0.275750
0.653900
0.031632
0.562395
-0.170561
-0.364152
0.012658
0.681798
-0.056774
0.198540
-0.383247
-0.144105
0.797133
-0.404288
-0.024167
-0.648818
-0.620565
-0.381720
0.765192
0.486987
0.429379
0.215911
0.577009
-0.245045
-0.100510
0.139648
-0.612441
-0.660900
0.685638
0.544692
0.379722
-0.421907
-0.487179
0.486756
0.314682
-0.072048
-0.105443
0.898112
0.322993
-0.248016
-0.557372
-0.738886
-0.075004
-0.250769
0.511847
-0.837151
0.064202
0.549525
0.538878
0.066917
-0.484865
-0.150667
0.073503
-0.833684
0.397207
0.305897
0.025495
0.021189
0.073506
0.249673
-0.363642
0.021857
-0.026336
-0.478583
0.280272
0.309081
0.214560
-0.354962
0.490234
-0.154514
0.290794
0.133869
-0.050131
0.343566
-0.679087
-0.539507
-0.841089
1.076780
0.081834
0.262756
0.576864
-0.212342
0.478950
0.319641
0.640077
0.443526
0.318626
0.015430
-0.632587
0.622630
-0.281865
-0.284160
0.218739
0.383678
0.491717
-0.164597
-0.277773
0.026853
-0.837194
0.566182
-0.878443
0.549416
-0.594680
-0.402852
0.248046
0.619370
-0.448507
-0.163818
-0.412521
0.676132
0.560661
-0.134089
0.557360
-0.107043
0.060723
0.265905
-0.686685
0.398045
-0.734831
0.807809
-0.240599
0.194064
0.613608
-0.604642
0.276012
-0.043737
0.323714
0.435272
-0.772291
-0.132637
0.811126
0.017200
-0.538849
0.176216
-0.569691
-0.942460
0.686214
0.393567
0.677887
-0.426913
0.020491
-0.085746
-0.617067
-0.808962
-0.080262
0.074309
0.036963
1.063772
0.211355
0.507199
-0.266020
-0.425106
-0.050175
0.025594
-0.717652
0.163164
-0.456054
0.856480
0.330343
0.909624
0.724147
-0.670260
-0.200912
0.300679
-0.812339
0.637797
-0.024552
-0.578594
-0.291469
0.273568
-0.192353
0.352154
-0.279133
0.529615
0.309889
1.048243
-0.986028
-0.903551
0.636309
0.698570
-0.495512
-0.495221
-0.365945
-0.639431
-0.227610
0.545810
0.322312
-0.725669
-0.675513
0.219149
0.042159
-1.041534
0.342533
-0.082538
-1.027753
-0.452493
0.002083
0.480604
0.013728
0.127191
-0.949124
0.110848
0.213147
-0.013166
0.014486
0.805564
-0.082239
-0.362097
0.023807
-0.543834
-0.356265
0.497121
-0.139042
0.384313
-0.245706
0.984556
-0.410267
0.479937
0.326512
0.201003
-0.708084
-0.297133
-0.440253
-0.274972
0.501380
0.057491
0.525077
-0.541332
-0.294668
0.569237
-1.024934
0.684663
0.698596
0.398656
-0.475464
0.729311
0.355747
0.635609
-0.487332
0.665860
-0.375298
-0.449081
-0.540772
0.692752
0.440556
-0.258607
0.684512
0.326286
-1.190524
0.635338
-0.407881
0.756334
-0.350275
0.485564
-0.581490
0.587508
0.196065
0.533454
0.170409
0.427701
0.171325
-0.286418
-0.329745
-0.454267
0.420577
-0.136762
-0.085026
0.256712
0.146573
-0.477547
0.270014
0.920527
-0.837850
0.262614
-0.434759
0.631915
-0.497705
0.319145
0.707848
-0.114453
0.320818
-0.122801
-0.892847
-0.024890
0.298787
-0.502942
0.429864
0.620123
0.900491
-0.693304
-0.837204
-0.168240
-0.142553
0.464979
0.113560
0.385099
0.049377
-0.227735
0.292243
-0.362819
0.041786
0.253929
-0.240207
-0.026791
0.757177
0.312019
-0.281497
-1.031816
-0.134596
0.612002
-0.294272
0.381933
-0.353120
0.163594
0.212171
0.527656
-0.991777
0.480012
-0.097958
0.054811
-0.245265
-0.129228
-0.846897
0.981633
-0.544384
-0.433722
0.263491
-0.101803
0.352242
-0.412171
0.705923
0.027889
-0.836089
0.200006
0.619945
0.352805
0.931737
-0.288063
0.819488
0.645927
-0.348082
0.374121
0.319578
0.117867
0.378289
-0.461051
-0.632716
-0.226354
0.259734
-0.775580
0.624722
-0.179074
0.710736
-0.004795
-0.129723
0.117489
0.564696
-0.926702
0.176602
0.313387
0.014286
0.412343
-0.845359
-0.685426
0.821800
0.142374
-0.152591
0.655649
-0.741686
0.094608
-0.707580
-0.033071
0.407508
0.137998
0.412918
-0.247876
-0.222026
0.682750
-0.070972
0.190094
-0.590581
0.445713
0.400200
-0.966720
0.304085
-0.138534
0.230377
0.290365
0.655360
-0.159316
-0.070340
0.079686
-0.339394
-0.537985
0.283963
0.008958
0.102520
-0.679576
-0.125842
-0.389028
0.652752
0.085398
0.115750
0.720805
0.447898
-0.006732
-0.628580
-0.410548
-0.233343
0.586193
-0.093674
-0.069750
-0.100503
-0.423991
-0.243065
-0.876531
0.095785
0.019450
0.400550
0.133497
0.604766
-0.603415
-0.124824
0.653974
-0.418603
-0.227546
-0.638984
0.379937
0.606703
0.543092
0.915707
0.657015
-0.221853
-0.717857
-0.344893
0.304445
-0.074146
-0.547810
-0.048695
0.814484
-0.332656
-0.925919
-0.053131
0.018889
-0.211468
0.645814
-0.396949
0.034043
0.978269
0.454100
0.264946
-0.089895
-0.298114
-0.493523
-0.691991
0.347041
-0.492475
0.074478
0.353001
-0.046767
-0.526102
0.671763
-0.157301
0.310270
-0.767695
0.139169
0.110352
0.988414
0.005337
-0.670537
0.624400
0.132057
0.052266
0.109703
-0.889482
0.674602
-0.280294
0.446973
0.922364
-0.731026
0.181062
0.147232
-0.151489
-1.077422
0.419547
-0.255456
0.363647
-0.145519
-0.060107
0.180489
-0.818024
-0.177378
0.344773
0.168253
0.152143
0.033123
-0.180206
0.780961
-0.153362
0.074132
-0.373295
-0.706531
-0.538234
0.700284
-0.356627
-0.476943
0.340838
0.629056
-0.016927
-0.185823
-0.114713
0.308543
-1.094062
-0.696358
-0.401937
-0.046125
-0.712963
-0.313732
0.410921
0.263450
-0.377154
-0.234762
0.772012
-0.717992
0.765228
0.474524
0.102360
-0.141948
-0.372366
0.199628
-0.786646
0.518684
0.351321
-0.475174
-0.009310
0.331720
-0.499615
0.317824
0.843409
-0.447841
0.789148
-0.476174
0.622861
-0.295723
-1.078114
-0.116055
0.577093
0.598883
-0.481625
0.049106
0.103025
-0.257329
0.090156
-0.666605
-0.484480
0.659380
-0.266325
0.708503
-0.186151
-0.267119
0.329131
-0.833616
0.178037
0.182610
0.164177
-0.337458
0.792662
0.151272
0.826439
0.148044
-0.246386
-0.392740
-0.606867
-0.183663
-0.118263
0.764772
-0.103465
0.797972
-0.375911
0.198073
0.193253
0.101329
-0.898225
0.292753
1.064863
0.546528
-0.089915
0.044406
0.152519
-0.089086
0.243792
0.082995
0.605677
-0.551296
-0.257544
-0.359719
-0.933911
0.250992
0.084296
0.172337
0.657057
-0.873517
0.085190
0.278633
-0.368296
0.793060
-0.372117
-0.344470
0.624060
0.104526
0.225583
0.080858
0.058117
0.731944
-0.653595
-0.278193
0.671567
-0.019029
-0.724463
0.788137
-0.464870
-0.324679
-0.518206
-0.232111
-0.714591
0.438906
0.255202
0.253442
0.258090
-0.065131
-0.033166
0.475805
-0.931278
-0.091529
0.443275
0.291127
-0.556015
-0.004502
0.298245
-0.001118
-0.652350
0.278443
-0.185707
-0.009994
0.689479
-0.400401
-0.101398
0.553272
0.580872
0.646386
-0.968231
-0.660124
-0.138367
-0.366176
0.470984
0.571042
0.182104
-0.242088
-1.045993
0.191541
-0.371913
0.394315
0.186604
0.188479
0.152452
-0.026412
-0.110783
-1.034486
1.000983
-0.098879
0.472638
-0.195979
-0.151381
-0.288699
-0.021440
0.185274
0.290875
-0.487094
-0.559272
0.010625
0.886051
0.001704
-0.572363
-0.332075
-0.630015
-0.754337
-0.586825
0.591410
0.328759
-0.297640
-0.513426
0.774041
0.846976
-0.807225
0.616589
-0.823635
-0.360188
-0.046521
0.495543
-0.057182
-0.095900
-0.097077
0.425228
-0.330021
-0.141719
-0.455017
-0.035372
0.544220
-0.452066
0.330137
0.740034
0.280742
-0.489045
0.181879
0.000259
-0.824100
0.176890
-0.570664
0.034034
-0.652518
-0.648523
0.743758
-0.003504
-0.588444
0.561965
-0.438869
0.158090
0.547260
-0.307905
0.300624
0.062069
0.271134
-0.823734
-0.415968
0.230634
-0.064541
-0.739852
0.625245
-0.317223
0.468135
0.444773
-0.285229
-0.662972
0.161127
0.332043
0.468519
-1.140887
0.230227
-0.597589
0.811422
-0.184719
-0.198932
0.314498
0.320395
0.351800
0.131569
-0.100064
-0.003792
-0.286419
0.771374
0.098268
-0.347119
-0.541359
0.542185
-0.296310
-0.150224
-0.577299
0.065477
-0.104392
0.021279
0.369676
0.254162
0.027976
0.082293
-0.012312
0.150241
-0.038885
-0.426251
-0.484974
0.459345
0.218482
0.258181
0.000206
0.210223
-0.383506
-0.292116
-0.242297
-0.226893
0.690553
-0.039338
0.348436
0.416427
-0.693368
-0.395270
-0.398159
1.116991
0.164534
-0.212008
-0.479606
-0.014262
0.165778
-0.248756
-0.409214
0.211820
-0.410856
0.429187
0.461145
0.196778
0.608906
-0.814616
0.047160
0.035154
-0.229135
-0.296225
-0.053237
0.294470
-0.064440
-0.541584
-0.031274
0.704830
-0.069942
-0.139815
-0.133698
0.151393
0.138135
0.955015
0.240871
0.431065
-0.052637
0.701103
-0.909267
-0.264597
0.848937
-0.133782
-0.849512
0.015058
-0.468556
-0.326140
0.700703
-0.955052
-0.726292
0.346115
0.373438
0.917888
-0.317971
-0.287814
-0.223989
0.810745
-0.276295
-0.591630
0.506777
0.406771
0.456106
0.507524
0.911550
0.107670
0.532784
-0.754103
0.325008
0.830670
-0.016944
-0.783494
-0.231160
-0.485961
0.651036
-0.155962
-0.028509
0.260775
0.500162
-0.556514
0.031235
-0.310721
0.137415
-0.432271
0.337651
-0.229602
0.147250
0.611589
-0.027444
-0.809357
-0.000153
1.077718
0.172684
0.416756
1.017964
0.567971
0.050881
-0.163276
0.165455
-0.016134
-0.651259
0.679524
0.192285
0.053829
-0.422285
-0.152658
0.667226
-0.363298
0.113838
0.339215
0.022919
-0.515171
-0.440797
-0.205112
-0.551385
-0.150739
0.842792
-0.453886
-0.118304
-0.207657
0.840692
0.580516
-0.464774
0.635025
-0.442519
0.024256
-0.706111
-0.553181
0.437805
0.565803
0.864003
0.557173
-0.567039
-0.386919
-0.166136
0.034054
0.023407
-0.521561
0.073937
0.638201
-0.486502
-0.106629
-0.394105
0.740226
0.806637
-0.470369
0.328710
0.716254
0.012216
0.347331
0.008808
0.026798
0.978688
0.366740
-0.416891
-0.315412
-0.668048
-0.188369
0.294618
0.019243
0.828267
-0.030421
0.572362
0.444291
-0.180007
0.099785
0.516768
-0.364330
-0.398971
-0.130208
-0.948323
0.682071
0.205427
-0.034155
-0.669097
0.391380
-0.699575
0.289604
-0.453328
-0.193072
-0.296101
-0.769530
0.083568
-0.090090
-0.511200
0.406677
-0.302285
-0.095375
0.600279
-0.181130
0.061295
0.615163
-0.376128
-0.783798
-0.404722
0.656404
0.675330
-0.304621
