-0.072704
-0.026596
-0.053168
-0.087107
0.076462
0.040803
-0.123550
0.055553
0.057997
0.151862
0.035256
-0.018788
-0.005485
0.055953
0.009526
0.041477
0.022902
-0.041201
-0.086873
0.066918
0.041993
0.030258
-0.086558
-0.008601
-0.079131
0.021344
-0.049360
0.027222
0.062932
-0.031425
0.013157
-0.001016
-0.059417
0.021728
-0.006318
-0.012524
0.035381
-0.104079
-0.077762
0.099062
-0.051248
-0.157055
0.051780
-0.009171
-0.040742
-0.052790
0.046358
-0.105789
0.053344
0.030179
-0.018076
0.077721
0.031926
0.120554
0.043615
0.008258
-0.002477
0.087095
0.124365
0.070545
-0.094202
-0.025071
-0.033477
-0.059981
-0.003646
-0.024578
0.033629
0.096479
-0.007724
-0.120161
0.089515
-0.017181
0.160228
0.090167
0.026499
0.055063
0.010849
0.027098
0.037205
0.000187
-0.065997
-0.045200
-0.135713
0.019148
-0.006909
0.013504
-0.165422
0.165451
0.063069
-0.052181
0.059137
0.057468
-0.076120
0.014373
0.120143
-0.086863
0.013728
0.061208
0.065207
-0.004109
-0.081285
0.051597
0.030000
0.065085
0.017860
0.013371
-0.025454
0.061723
0.051050
0.014194
-0.076706
0.009271
0.024820
0.018483
0.473983
0.033938
0.042116
0.089995
0.471800
-0.079814
0.037703
0.034766
0.090715
0.049123
0.081728
0.114963
-0.011911
0.058542
0.025920
0.012896
0.026996
-0.104738
-0.000847
0.021471
-0.081769
0.100304
0.077161
0.034034
0.081066
-0.052869
0.143917
0.086791
-0.074923
-0.031383
0.072237
-0.029725
0.027717
0.073266
0.023068
0.013907
-0.124645
0.034495
-0.009320
-0.046548
-0.064927
0.042657
-0.005038
-0.098018
0.566527
-0.088043
-0.096730
0.414052
-0.065429
0.054758
-0.078767
0.051112
0.016692
0.067851
0.071194
0.053128
0.004210
-0.148630
0.029945
0.145436
-0.005964
-0.006949
0.095886
0.029356
0.007935
-0.005149
0.115019
-0.138569
0.087579
-0.105926
-0.030421
-0.127031
0.034707
-0.087243
0.111047
0.108229
0.009167
0.029566
0.051821
0.045744
-0.004086
0.034901
0.042517
0.028212
-0.132678
-0.056209
-0.058040
-0.010367
-0.022043
-0.081850
0.065004
0.053392
0.040827
0.096636
-0.067284
0.044492
0.017505
0.081810
-0.052726
0.285837
0.070218
0.047224
0.043561
0.008938
0.026576
-0.154984
0.078014
-0.011799
0.052143
0.079098
-0.085850
0.080574
-0.103694
0.051757
-0.057760
0.042025
-0.112112
0.099964
0.011183
0.132171
-0.092627
-0.012748
-0.003517
0.012361
0.090531
0.079953
-0.044372
-0.017341
0.122316
0.070179
-0.070938
0.089188
0.031039
-0.005398
0.086160
0.113863
0.011164
0.015563
-0.101663
0.056532
0.014428
-0.106225
0.037431
0.007444
-0.131725
0.013569
0.055866
0.091096
0.566465
0.038837
-0.018442
-0.050572
-0.101150
0.034505
-0.029199
0.005550
0.021022
-0.026106
0.019856
-0.058805
-0.048568
-0.086644
0.048230
-0.019563
0.063699
0.041775
-0.029156
0.006370
0.124547
0.095734
-0.020024
0.006680
0.151784
0.052312
0.056876
-0.014527
-0.131179
0.023635
-0.086535
-0.101556
0.031718
-0.146399
0.065467
0.120778
0.157441
-0.115909
0.050951
0.090083
0.054442
-0.043433
-0.080127
0.004394
-0.065723
0.050739
0.014491
-0.020504
0.106188
0.039104
0.060206
-0.062567
-0.035049
-0.016788
-0.035851
0.080222
0.060589
-0.090428
-0.014008
0.044513
-0.004735
0.040591
0.058233
0.028058
0.009942
-0.040134
0.039082
-0.014618
0.062756
-0.124426
0.044803
-0.096736
-0.058193
0.025975
-0.085347
-0.040837
-0.056998
0.059439
0.126878
0.037308
0.133908
0.102898
-0.058996
-0.010881
-0.026896
0.080840
0.030800
-0.026270
0.060252
-0.147790
0.110040
-0.036710
0.068213
0.033023
0.014179
-0.093440
0.039333
0.014694
-0.008205
-0.029569
-0.077451
-0.118054
-0.120003
-0.114229
0.203900
-0.089081
-0.016029
0.040914
-0.003199
-0.049633
0.048867
0.077016
0.078440
0.062372
0.047459
-0.027994
0.053425
0.014902
0.036981
0.026772
-0.060747
0.033339
0.053569
0.020256
0.002143
-0.091913
-0.088684
-0.060103
-0.016273
-0.030631
0.057590
-0.056734
0.016973
-0.060171
0.081582
0.068549
0.054180
-0.037588
0.009954
0.035378
-0.129759
0.009958
0.049334
-0.015555
-0.094942
0.037030
0.041524
0.048816
0.058879
0.013438
0.088156
0.140975
-0.039613
0.023301
-0.010851
-0.056343
0.053131
0.056129
0.042579
0.062661
0.086943
-0.010738
0.246367
0.037689
0.055771
0.086389
0.013296
-0.047044
0.032270
0.042508
-0.053847
-0.116352
0.061258
-0.010319
0.256627
0.070241
0.452227
0.079120
-0.030141
0.032174
-0.052589
-0.050114
-0.138630
-0.079522
0.018486
0.008391
-0.094353
-0.132814
0.067223
0.085448
-0.017082
-0.003671
-0.001968
-0.093372
-0.047400
-0.076233
0.064177
0.001075
0.010041
-0.086494
0.007224
-0.024936
-0.090170
0.049811
-0.010024
-0.019166
0.111534
-0.014749
0.027142
-0.033719
-0.094323
0.035384
0.051687
0.051844
0.067561
0.056223
-0.018115
-0.000003
0.119093
-0.024388
-0.151632
0.042863
-0.028767
-0.087305
0.019229
-0.051043
-0.050113
-0.061762
-0.078615
-0.023543
0.050623
0.047152
-0.058226
-0.044995
-0.043636
-0.012143
0.006366
0.052573
-0.056170
0.029754
-0.045040
-0.087939
0.084212
-0.105377
0.034253
-0.041764
-0.008637
0.037569
-0.044171
-0.065821
0.006065
0.121381
0.060135
-0.037298
-0.054227
-0.060429
0.179912
0.019395
-0.075238
-0.034356
0.124850
-0.024531
0.005929
0.054129
0.001065
-0.002051
-0.057544
-0.021701
-0.070187
0.050565
-0.067062
-0.094696
0.028497
-0.091966
-0.000043
-0.019087
0.020544
0.120897
0.078296
0.115300
0.031057
0.067583
-0.070043
-0.022804
0.032627
0.010197
-0.012807
-0.109653
0.002630
-0.050866
0.591419
-0.085395
0.096718
0.120488
0.152569
-0.022924
0.111980
0.029669
-0.106265
-0.018237
0.028226
0.112476
0.069284
0.018823
-0.000525
-0.025833
-0.092097
0.041794
-0.038992
0.047777
-0.011943
-0.118180
-0.140322
0.041738
0.003760
0.103771
0.049255
-0.072656
-0.044481
0.098935
0.000649
-0.139395
0.026935
0.027879
-0.026475
0.032148
0.049519
0.071239
-0.013276
0.037207
0.115033
0.009911
0.077903
0.011066
0.083863
0.006889
-0.040885
0.048227
0.047881
0.044762
-0.102561
-0.105458
-0.000785
0.027264
-0.068436
-0.116771
0.060242
0.204798
0.017938
0.043252
-0.035802
0.058208
0.049149
-0.031587
-0.007751
0.027693
0.107356
-0.028112
0.047834
-0.136102
0.031880
-0.028127
0.053042
-0.034390
-0.016197
0.008846
-0.069885
-0.125216
0.010614
-0.009357
-0.086106
0.028363
0.107612
0.122264
0.039715
0.035329
0.056635
0.050738
-0.011769
0.053105
0.013882
0.001031
-0.085565
0.031325
0.082229
-0.112790
-0.108814
0.080355
-0.055507
0.138592
0.052594
-0.052582
0.087999
-0.075149
0.079332
-0.049258
0.091794
-0.091113
0.048075
-0.079468
-0.055647
0.032499
-0.045647
0.217173
-0.128978
0.010659
0.104704
0.067265
0.047792
0.041076
0.023572
-0.089341
0.108786
0.111088
-0.038073
0.004067
-0.070842
0.095538
0.111061
0.048807
0.065304
0.171532
-0.037926
-0.086179
0.030119
0.077818
0.080744
-0.095987
0.078503
-0.099715
-0.048968
-0.050387
0.004525
-0.041201
0.098626
0.089936
0.016864
-0.059631
0.042545
0.003272
-0.051530
-0.036566
-0.105383
0.097654
0.028741
0.078163
0.070292
-0.122926
0.037143
0.028394
-0.020608
-0.028770
-0.117636
0.033873
0.075791
0.005226
-0.038071
0.044286
-0.063188
0.124346
0.033534
0.088743
0.124776
0.042634
0.019304
0.023547
0.063078
-0.025228
-0.004282
-0.056959
-0.019854
-0.140360
0.054972
0.045827
0.005567
0.088685
0.044978
0.047315
0.064796
0.043648
-0.113114
0.081225
0.090119
-0.029342
0.121367
0.065458
0.046956
-0.036280
0.041175
0.109523
-0.009370
0.118032
0.043039
-0.038569
0.037406
0.005560
0.051567
0.176988
0.122349
-0.008944
-0.115926
0.115915
0.011258
0.015846
0.042173
-0.066745
-0.077288
-0.068702
0.017370
0.045299
-0.005238
0.012792
-0.051121
0.000500
0.039226
0.026988
-0.102284
-0.125661
0.052395
-0.097471
-0.070768
0.031843
-0.030282
0.038379
0.037995
-0.039774
-0.027932
-0.062986
-0.031723
-0.030047
-0.027087
-0.029420
0.081380
0.002480
-0.053189
-0.033946
0.003584
-0.000888
-0.093607
0.070344
-0.038100
0.109539
0.053655
0.122313
0.025427
0.036320
0.042002
-0.080936
0.085708
-0.095684
0.029279
0.028839
-0.024894
0.062906
-0.043794
0.002389
0.095517
0.037553
0.040370
0.043646
-0.036602
0.006135
0.018407
-0.024064
0.053846
0.024890
0.001979
0.027333
-0.029554
0.097909
-0.114111
0.017890
-0.000629
-0.054769
0.032544
0.022719
0.070641
-0.066824
-0.033631
0.056252
0.024790
0.087547
0.158203
-0.047708
0.050297
-0.013947
0.030114
0.058925
-0.123412
-0.036522
0.082671
-0.121440
-0.008381
-0.033344
0.018209
0.114453
-0.046967
-0.088007
0.101186
-0.070948
0.126790
-0.100998
0.038979
-0.055018
0.007704
-0.045464
0.035092
0.039222
0.049083
-0.064037
-0.029954
0.089637
0.051312
-0.028676
-0.081081
0.075891
0.002456
0.063630
0.085165
-0.191832
0.081301
0.095433
-0.012990
0.132827
-0.076837
0.102497
0.030918
-0.014790
0.017449
-0.039959
0.051729
0.018447
-0.066156
0.023469
0.038553
-0.044498
0.146084
0.050291
0.007235
-0.151665
-0.105999
0.087709
-0.020585
0.102238
0.014139
-0.099498
-0.054179
-0.038004
-0.069073
-0.123212
-0.029949
-0.037945
0.101645
-0.097605
0.050244
0.049721
0.063658
-0.008389
0.015822
-0.116419
0.074222
-0.103561
0.041357
0.005039
0.010666
0.047218
0.057853
0.094810
-0.148000
0.079630
0.017449
0.107243
0.079743
0.119211
0.095250
-0.016049
-0.072972
0.030404
0.088547
-0.122716
0.030879
-0.011083
-0.035662
-0.015934
-0.041884
-0.008478
-0.006519
0.092076
-0.026207
-0.090195
0.160815
-0.128902
0.071324
-0.000207
-0.003092
-0.006056
-0.094873
0.019863
0.047421
-0.009756
0.044233
-0.070623
-0.002139
0.134853
0.125446
0.037736
-0.012729
0.128282
-0.090598
0.035111
-0.004583
-0.054435
0.037208
0.046344
0.330702
0.108830
-0.117676
0.085545
-0.074789
0.065286
-0.031844
-0.132194
0.014667
-0.033256
0.004323
0.026220
0.030085
-0.081991
-0.058377
0.000174
0.080448
-0.120444
-0.125654
0.024624
0.027816
0.212930
-0.006901
-0.040212
-0.000064
0.031100
-0.001700
0.001892
0.027813
0.304900
0.071975
-0.157540
0.021412
-0.012192
0.058470
-0.208091
0.007071
-0.016762
0.022739
0.049612
-0.043799
0.000964
0.014453
-0.053822
0.107957
0.101274
-0.042266
0.103686
0.168612
0.027300
0.009238
0.103305
0.025541
0.068806
-0.055347
-0.223939
0.017344
0.000438
0.057785
-0.074076
0.273971
0.077915
0.116277
0.008021
0.071675
-0.182253
0.050448
0.042036
0.068886
0.040676
-0.085914
-0.106027
0.144209
-0.095783
0.057972
-0.021144
0.031764
-0.034841
0.042846
-0.086386
0.016893
0.015715
0.008471
0.089163
-0.017003
-0.044432
-0.002820
-0.101123
-0.056771
0.005145
0.089824
0.065388
-0.072067
-0.018709
-0.034845
0.062124
0.023985
0.040880
0.102814
0.043991
0.084113
0.135932
-0.064827
-0.078664
-0.137448
0.107026
-0.046660
0.015918
-0.037596
-0.078285
-0.063735
-0.015967
-0.008109
0.050436
-0.096103
-0.000775
-0.011843
0.099435
0.051711
-0.001622
-0.080822
-0.155849
-0.070480
-0.017449
0.104136
0.105982
-0.119976
-0.086582
-0.044761
-0.118415
-0.134730
0.141815
0.356349
-0.009727
-0.047035
0.003946
0.034352
-0.018022
0.077846
0.097821
0.064324
-0.089594
0.128280
0.015063
0.263934
-0.054103
-0.083096
-0.023535
0.098929
0.088003
-0.047000
0.035473
-0.011277
0.080368
0.023999
-0.107096
-0.057517
0.076613
0.666482
-0.118160
-0.035177
-0.103680
0.045667
0.053798
-0.110888
0.079876
-0.066173
0.082970
0.086018
-0.002078
0.072447
0.066712
0.000055
0.074083
0.071310
-0.009018
-0.067685
0.030335
0.122202
0.044271
-0.069001
-0.074425
0.047090
0.050031
0.106789
0.020981
0.118482
-0.069002
-0.069960
0.106908
-0.006765
0.040914
0.000538
-0.001559
0.121541
-0.045527
0.093596
-0.002689
-0.000539
0.108106
0.009287
0.041795
0.005715
0.046625
0.060910
0.035640
0.054265
-0.037961
-0.032747
0.000983
-0.110808
0.025597
0.012317
-0.104266
0.058835
0.025715
0.027458
0.055877
0.008124
0.042959
0.001595
0.133417
-0.101650
-0.138058
-0.073926
0.084801
0.008054
0.067399
0.046969
0.003186
-0.036472
0.058970
0.055087
-0.066373
0.065144
-0.139048
0.041283
0.088685
0.086835
-0.125794
0.063223
-0.164007
-0.021092
0.102013
-0.054506
0.244274
0.071295
0.085789
-0.037080
0.031105
0.024296
-0.016812
0.007678
0.018716
-0.058152
0.027986
-0.009042
0.135706
-0.035024
0.032862
0.033668
-0.089984
-0.064592
-0.045215
0.140529
0.064337
0.007496
-0.119471
-0.051941
0.051766
0.142033
0.110337
0.105887
-0.019426
-0.107998
-0.072169
-0.004570
0.059172
0.034736
0.122081
0.053772
0.061703
-0.096184
0.015109
-0.091700
-0.058730
0.009799
0.076157
0.112839
0.067260
0.076562
-0.021850
0.025797
-0.099041
-0.008076
0.154202
0.116881
-0.015508
-0.010082
-0.092497
-0.037840
0.057856
-0.011957
-0.045936
0.091166
0.021997
0.089820
0.018967
0.057859
0.007855
-0.027390
0.077042
-0.011036
0.072828
-0.029640
0.074884
0.052556
-0.020529
0.000738
0.004669
-0.008974
0.061552
-0.105546
-0.020886
-0.080164
0.031825
0.019836
0.086916
0.310899
-0.101533
-0.169100
0.125907
-0.014850
-0.132568
0.068117
0.060894
-0.035119
0.006762
-0.102430
0.034345
-0.053625
0.075788
-0.056984
-0.086573
-0.106818
-0.097550
-0.049905
-0.003663
0.050601
-0.141373
-0.072091
-0.078374
0.113822
0.000942
0.103798
0.069900
0.098342
0.045844
-0.045836
-0.014756
-0.076695
-0.054763
-0.000309
-0.121861
0.003110
0.040931
0.026472
0.080473
-0.050436
-0.188967
-0.067403
0.036175
-0.084286
0.053975
0.333755
-0.245160
0.077244
-0.055653
0.010999
0.041536
-0.133056
-0.074245
0.037740
0.011910
-0.049147
-0.035280
-0.062695
0.094576
0.100688
0.078988
-0.021652
0.111131
-0.000487
0.096336
0.018340
0.067536
-0.086227
0.180127
-0.068086
0.022403
-0.078384
0.058894
0.045338
0.075790
0.068010
0.114074
-0.016680
0.090251
-0.030951
-0.137014
0.054878
0.072430
0.036653
0.038055
0.089116
-0.048278
0.032479
0.061358
-0.022792
0.221417
0.074084
-0.058044
0.087885
-0.024284
0.204920
0.031971
0.079610
0.038315
0.075012
0.052568
0.146748
0.073909
0.055617
-0.052455
0.023531
-0.062872
0.100156
-0.024076
-0.090953
0.097233
-0.042117
-0.082616
0.045437
-0.036699
-0.015181
0.214033
-0.038898
0.060471
0.020030
0.027762
0.162077
0.046184
-0.157556
0.019627
0.052892
-0.011637
0.092342
0.027114
-0.109086
-0.018134
0.043585
0.098803
-0.058590
0.085516
-0.033849
-0.034317
0.040667
-0.013185
0.050173
0.083269
0.073026
-0.044081
0.041082
-0.065030
0.086443
0.077235
0.096944
0.023791
0.104260
-0.065572
0.082176
-0.045322
-0.055357
-0.020264
0.154320
-0.072104
0.002209
-0.150581
-0.043171
-0.063634
-0.078323
0.096493
-0.001507
0.084550
0.048179
-0.127991
0.068273
-0.022070
0.039700
0.004545
0.087524
-0.106409
0.003697
0.029535
0.009603
-0.084678
0.124236
0.083926
0.085469
-0.052292
-0.045689
0.077613
0.157721
-0.106096
-0.122025
0.045714
0.010746
0.110229
0.040430
0.331991
0.033588
-0.010949
0.066215
-0.009798
0.065062
-0.049430
0.119727
-0.087990
-0.036884
0.055520
0.061441
-0.016762
0.120178
-0.128173
-0.034097
-0.070279
0.004947
-0.045931
-0.025494
0.052805
-0.037108
-0.117638
0.039332
-0.049020
-0.014368
-0.085321
0.064109
0.065325
-0.018003
0.008859
0.000234
-0.069863
0.023119
-0.054808
-0.147217
0.056412
-0.078765
-0.073962
0.044836
0.109243
0.040471
0.077007
-0.078090
0.085602
0.115459
0.083083
0.083161
0.051910
-0.025267
-0.066789
-0.099509
-0.032571
-0.075191
0.086285
0.145653
-0.069670
-0.042666
0.141632
-0.007930
0.071166
-0.002562
0.156835
-0.029692
0.085202
-0.044671
0.010375
0.072942
-0.045705
0.024522
0.069405
0.098372
-0.011575
-0.037090
0.191287
0.090348
0.009356
0.053503
-0.043277
0.044046
-0.033981
-0.100452
-0.031121
-0.074271
0.108618
-0.190305
-0.052989
0.046035
0.065765
-0.030312
0.010529
-0.199309
0.071546
0.036692
0.080733
0.007818
-0.007283
0.010390
0.043124
-0.092975
0.029993
0.081893
0.156037
0.051116
0.024626
0.030626
0.074645
-0.146509
-0.007952
-0.058963
-0.110492
-0.062363
-0.061671
0.106583
-0.019933
0.060013
-0.035619
0.058988
0.102829
0.605787
-0.019729
0.119423
0.119316
0.091611
-0.033085
0.150682
-0.021822
0.050035
0.084290
0.046089
0.054557
0.023548
-0.027813
-0.006832
0.075351
-0.004745
0.017011
-0.014997
0.009619
-0.126767
0.099246
0.124510
-0.040867
-0.015963
-0.089243
0.009346
0.077074
-0.066386
0.280014
-0.065742
0.024082
0.065554
-0.093083
-0.086528
0.082121
-0.081103
-0.020639
-0.054233
-0.046063
0.004527
0.011459
0.105738
0.039275
-0.016469
0.092760
0.106268
0.114728
0.067252
0.008444
0.069580
-0.076912
0.089941
0.103287
-0.070329
0.055073
0.073091
0.076450
0.049140
-0.000928
-0.081139
-0.081998
0.005392
0.030877
0.009855
0.108048
0.063785
0.014011
0.040920
0.050339
-0.058088
0.007280
-0.033557
0.013348
-0.042664
-0.054359
0.102271
0.050429
0.109866
-0.068554
0.083620
0.053035
-0.006305
-0.072733
0.129728
0.098961
0.007637
0.021669
0.061219
0.034467
0.010747
0.102341
-0.103881
0.128541
-0.006519
-0.005528
0.064126
0.010411
0.029101
-0.139873
0.066647
0.034121
0.056223
0.107947
-0.019470
-0.006237
0.055314
0.143938
0.046724
0.003084
0.096927
-0.052190
0.044609
0.136990
-0.041514
0.087211
0.003354
0.102326
-0.132316
0.065139
0.008342
-0.083767
-0.131765
0.036706
-0.038873
-0.095191
0.126946
-0.032817
0.103035
0.105165
0.033305
-0.053488
-0.070505
0.070269
-0.036054
0.114300
-0.065101
0.054358
-0.022563
0.094062
0.061920
-0.047855
-0.007175
-0.046929
0.054564
-0.035521
0.010585
0.062615
0.078184
0.096728
-0.067056
0.026312
-0.064289
0.091854
0.096662
-0.014966
-0.029180
0.009181
-0.071049
0.007849
0.108427
-0.121327
-0.069415
-0.029708
-0.056841
-0.122191
0.044609
-0.046700
0.077508
0.054381
-0.040836
0.016293
-0.088825
0.107622
0.362813
-0.048143
-0.120618
-0.087627
-0.002503
0.038027
-0.061846
-0.132069
0.024910
0.045063
0.018523
0.078290
-0.072784
-0.071388
0.111730
0.015510
0.049205
0.040326
0.019066
-0.100412
0.112461
0.071898
0.043747
0.075025
0.478702
0.059152
0.067550
-0.007124
-0.009028
-0.111315
-0.084913
-0.058265
-0.052161
0.025817
0.009011
-0.027763
0.161203
0.114614
0.012823
-0.111161
-0.047043
-0.126111
0.063151
-0.035080
-0.068456
0.106430
-0.006589
0.019258
-0.049324
0.080970
0.033207
-0.206868
-0.062695
0.162386
-0.048240
0.017388
0.071188
0.031499
0.041126
-0.052794
-0.065578
-0.005212
0.003372
-0.070423
0.000053
-0.102046
0.068351
-0.127482
-0.019123
-0.048491
-0.091637
0.118419
0.107941
-0.167658
0.130851
-0.010060
0.060460
0.068581
0.123092
0.154899
0.016756
0.047187
-0.029828
-0.185991
-0.079450
-0.025921
-0.080376
0.076236
0.101489
0.062504
0.000353
-0.024156
0.056833
0.085820
0.083860
0.100609
0.099924
0.214434
-0.015266
0.059912
-0.162299
0.101899
0.042627
0.033814
0.018418
-0.025540
-0.022296
-0.067009
-0.016313
0.020804
0.063326
0.073163
-0.056086
-0.114489
0.051326
0.040266
0.024284
0.086535
-0.020056
-0.076047
0.071595
-0.066731
0.062349
-0.012642
0.094594
-0.081581
-0.016986
0.036971
-0.016118
0.049624
0.057175
0.061774
-0.121139
-0.019410
0.002667
-0.109942
0.055433
0.020806
0.009048
0.009380
-0.026125
-0.019576
0.003235
-0.065797
0.076100
0.030688
-0.062333
0.027438
0.094803
0.075745
0.045988
-0.037854
-0.000171
0.088953
-0.007989
0.034283
0.183774
0.078395
-0.010786
0.021817
-0.098030
0.050068
0.082480
0.062773
0.083890
-0.079009
0.080804
-0.051321
-0.024851
0.120064
0.093759
0.007495
-0.075317
-0.036186
-0.109957
0.068973
-0.037593
-0.044427
0.021376
-0.178856
-0.042631
0.071678
-0.070908
-0.008780
0.087244
0.049945
-0.004757
0.045444
-0.101725
0.167416
0.026232
0.084562
0.006110
-0.113846
-0.081045
-0.005610
0.115151
0.041335
0.066810
0.061956
-0.002245
-0.065370
0.017341
0.041131
0.048731
-0.003469
-0.041773
0.025145
-0.057276
-0.019172
-0.051158
-0.039772
-0.063653
0.036722
0.014686
-0.103481
-0.095999
0.108855
-0.093494
0.075533
0.041686
-0.051760
-0.036153
-0.016330
0.017076
-0.022824
-0.009949
0.014434
-0.073876
-0.096250
0.027755
0.036078
0.044779
-0.077165
0.320195
0.136758
-0.042286
-0.009063
0.074097
0.112422
-0.064546
0.068726
0.050368
-0.092245
0.110358
-0.073990
0.028449
-0.060558
-0.102663
0.045718
-0.076018
-0.083148
-0.012876
-0.009499
0.023816
0.010158
0.028494
0.181862
0.057670
-0.056662
0.030666
0.062100
-0.045505
0.078536
0.018387
0.068389
0.019526
0.038255
0.053422
0.047358
-0.043114
-0.012100
0.003445
0.043359
0.028487
-0.144955
-0.063089
0.038553
-0.043044
0.070767
0.039347
-0.050057
-0.061941
0.023761
-0.013808
0.107192
0.022380
-0.171944
-0.055246
0.074453
-0.023644
0.043394
-0.046159
-0.064489
-0.022340
-0.112831
-0.023863
-0.078685
-0.090643
0.024901
0.058146
0.360432
0.087811
-0.072103
-0.029498
-0.072280
-0.094093
-0.024675
0.041905
0.065274
0.071639
-0.175848
-0.046931
-0.048571
-0.063344
0.004852
-0.029915
0.026326
0.060903
0.074290
0.103506
-0.072465
-0.183133
0.078132
0.077199
-0.012654
0.033105
0.022320
-0.049848
0.068125
-0.012082
0.070665
-0.017239
-0.019346
0.046050
-0.087401
-0.085001
0.097737
-0.028256
0.025947
-0.095129
-0.036424
0.036660
-0.047609
0.022690
0.531632
0.014820
-0.017371
0.154941
-0.011924
0.051534
0.053446
-0.049512
0.042145
-0.081152
-0.011444
-0.001440
0.105773
0.029636
-0.042020
-0.058649
0.146856
0.042349
0.015480
0.052757
0.032676
-0.025910
0.050687
0.012614
0.071503
-0.025764
0.024927
-0.022962
0.065292
-0.065067
0.015076
0.045672
-0.053177
-0.053172
0.015209
0.126291
0.056763
-0.060647
-0.050958
-0.042089
-0.039828
-0.022068
-0.079333
-0.072092
-0.055074
-0.126486
0.065604
0.032867
0.002332
0.028978
0.036251
-0.036170
-0.105738
0.105276
-0.012407
-0.147365
-0.011386
0.010503
-0.013294
0.053443
-0.051348
-0.020766
0.053971
0.009982
-0.001568
0.113796
-0.011867
0.065931
0.037663
-0.169900
0.025646
-0.082060
0.074243
-0.099036
0.040377
0.299112
-0.038358
-0.026204
0.073633
0.041631
0.038604
-0.076502
-0.136947
0.082773
0.059464
-0.089495
0.044284
0.138223
-0.150805
0.101535
0.033186
0.061422
0.076402
0.019775
-0.049229
-0.059221
0.166740
0.036663
0.095574
-0.048462
-0.034272
-0.007569
-0.012950
0.108925
0.033918
0.023622
0.084292
-0.001169
0.044371
0.031880
0.085054
0.048837
0.040043
0.084400
-0.025260
-0.192451
-0.097594
-0.043813
-0.021735
0.157335
-0.068030
-0.049059
-0.061699
-0.010610
0.033627
0.085083
0.081507
0.080366
0.171378
-0.166943
0.020850
-0.122604
0.058324
-0.024062
0.004701
0.025659
0.010442
-0.102725
0.039648
-0.044641
-0.130851
0.053982
-0.145440
0.450135
0.025641
0.021183
0.129410
0.085067
-0.102350
-0.121685
-0.100263
-0.037336
0.116739
-0.036258
-0.027326
0.071945
0.110604
-0.006851
0.078517
-0.148820
0.035091
0.007770
-0.033002
0.039696
-0.079596
-0.005315
0.002511
0.331666
0.048458
0.027245
0.001619
0.035947
0.191943
0.047490
0.069986
0.083160
0.040731
-0.116206
0.029598
0.015204
-0.094490
0.057976
-0.023272
-0.061087
0.003291
0.069995
0.148485
-0.028683
-0.048149
0.053952
0.010409
0.052433
0.040234
-0.132295
0.022106
-0.023864
0.071972
0.076579
0.073190
-0.038628
0.027300
-0.054436
-0.006490
0.017354
0.029277
-0.018984
0.002106
0.037669
-0.046479
0.138411
0.108177
-0.015811
0.085842
0.082139
0.279355
-0.016246
-0.020793
0.037734
-0.029729
-0.062396
-0.030704
-0.065721
0.000213
0.100557
-0.108962
-0.123854
0.051785
-0.117451
0.081684
-0.035553
0.044314
0.073076
0.109261
-0.016256
0.058382
-0.140154
0.042733
0.023545
-0.057084
0.068865
-0.077447
0.003715
-0.035191
0.027147
-0.149403
0.029736
-0.061106
0.019906
0.001376
0.001321
-0.009276
0.275427
0.096925
0.069377
-0.001992
0.035917
0.044197
0.016142
0.075617
0.014002
0.031718
0.007714
0.043944
0.026184
0.041732
-0.082903
-0.020118
0.069891
0.001223
-0.102596
-0.129126
0.040017
0.026875
-0.117549
-0.099757
-0.060981
0.058103
-0.008047
0.109564
-0.049450
-0.063881
-0.004456
0.078612
-0.001348
0.015201
0.026151
-0.035145
-0.039689
-0.023179
0.102140
-0.032494
0.043308
0.106890
-0.061435
-0.009649
-0.018323
-0.071418
0.112921
-0.062082
-0.029283
0.045701
0.332483
0.027171
0.053883
0.006251
0.023302
0.070771
0.090639
0.019781
0.045785
-0.039281
-0.043396
0.021082
0.070791
-0.014382
-0.052994
0.062390
-0.029596
0.162758
0.025270
-0.007698
0.006000
0.087550
0.035013
0.089554
-0.026269
-0.131030
0.047805
-0.075660
-0.040022
0.043191
0.101768
-0.089960
0.016763
0.086911
-0.057902
-0.048618
-0.000253
-0.004992
-0.004620
0.048247
-0.015994
0.025561
-0.077782
-0.084803
-0.073992
0.039987
0.072348
0.046291
0.079965
-0.000649
0.092881
-0.019949
-0.051117
0.027152
-0.036987
0.043268
0.057324
0.055178
-0.014879
0.022684
-0.051603
0.014082
0.225387
0.048660
-0.081756
-0.105286
-0.039454
0.018716
0.159097
-0.134968
-0.042020
0.061692
-0.122189
-0.018603
-0.122986
-0.030686
0.014305
0.061094
0.003925
-0.095251
0.084526
0.027805
0.067361
-0.012311
-0.011641
-0.019489
-0.046911
0.137296
-0.003485
0.004143
0.086081
0.031935
-0.053391
-0.000204
0.096032
0.067600
0.153221
-0.087130
0.007281
0.096317
-0.040483
-0.183297
0.001431
0.241763
-0.001917
-0.004387
-0.010010
-0.060712
0.023830
-0.026393
0.086992
0.065751
0.071976
0.038823
-0.040980
0.134666
-0.018025
-0.123301
0.098519
0.123293
0.058028
0.086718
-0.002391
0.036153
0.023860
0.017599
-0.073446
-0.119595
-0.127098
-0.024634
-0.014624
0.017453
0.097175
-0.154864
-0.113873
-0.027906
-0.098473
-0.032661
0.029398
0.044981
0.001556
0.069567
0.084301
0.093182
0.235180
0.055537
-0.079705
-0.196560
0.029450
0.010578
0.017534
0.048756
0.049308
0.052268
0.047702
0.114929
-0.011506
-0.081113
-0.121893
0.015945
0.076889
-0.055289
0.031123
-0.052074
-0.083520
0.105345
-0.131937
0.099761
0.055276
-0.093838
0.035152
0.023871
-0.073510
0.032426
0.114001
-0.108787
0.040005
0.048144
-0.057500
0.082767
-0.029459
0.346417
0.057142
0.052158
0.052420
0.057389
0.037504
0.052389
-0.064045
0.010976
0.000551
0.007498
0.059751
-0.031365
-0.010910
0.012996
0.066504
0.083677
0.014418
0.061247
0.052374
0.032300
0.072134
-0.090379
-0.015791
0.047437
0.002748
0.106620
0.022241
0.055155
0.012293
0.070383
-0.022223
0.052587
0.040726
0.034357
-0.038209
0.118696
-0.100856
0.050783
-0.055017
-0.003706
0.073057
0.046534
0.052106
-0.066376
-0.090873
-0.011928
0.000125
0.031147
-0.064438
0.062892
-0.084485
-0.032428
-0.061874
0.040146
0.004558
-0.018857
0.101079
0.178156
0.029756
-0.080072
0.078425
0.082567
-0.054017
0.139650
0.030118
-0.132180
0.057925
0.031605
0.007517
0.045197
-0.021415
-0.080728
0.039935
0.073760
-0.080076
-0.023794
0.050160
-0.109589
0.057406
0.099707
0.049007
-0.140315
0.065609
0.094078
-0.057639
0.091505
0.075347
0.186039
0.053165
-0.101506
-0.048837
-0.030949
0.079436
-0.005545
0.001489
0.064665
-0.027565
0.067845
-0.011157
0.025193
-0.023231
0.021425
-0.084638
-0.077833
-0.074565
-0.053873
-0.014100
-0.064497
-0.024441
-0.053739
-0.156028
0.064482
0.047742
0.091880
0.097454
-0.149510
-0.047188
-0.146447
0.007389
-0.058400
-0.120926
0.017030
-0.072275
-0.017265
0.127403
0.023281
-0.052444
-0.054394
-0.000603
-0.056061
0.019545
-0.146738
-0.042164
0.010346
0.059731
-0.040297
-0.006648
0.072042
0.050013
0.043624
0.073474
-0.143967
0.031392
-0.032412
0.043122
-0.074719
0.055749
0.047220
0.104943
-0.021139
-0.060670
0.033443
-0.122111
0.071623
0.029397
0.020077
-0.099262
0.034524
-0.120613
0.053990
0.031283
0.103296
-0.101808
-0.061937
-0.027653
0.088014
0.026509
0.088573
0.043503
0.031824
0.009358
0.026449
0.109612
-0.021736
-0.059532
0.199776
-0.059695
0.082361
0.094921
0.001523
0.134177
-0.013249
-0.154239
-0.043456
-0.031638
0.056471
-0.037945
-0.052300
-0.007255
-0.055012
0.039964
-0.149735
0.065874
0.063964
0.067193
0.105395
-0.027528
0.017711
0.068674
0.030596
0.330468
-0.013540
0.056663
0.069574
-0.064562
0.528795
0.258264
0.132777
0.105828
0.053804
-0.093632
0.009063
0.001075
0.029592
0.005388
0.038250
0.001453
-0.058038
-0.008488
0.065474
0.015383
0.085121
-0.049643
-0.070619
0.336695
-0.001361
0.048339
-0.054785
-0.028752
0.080421
-0.082041
-0.066491
-0.018036
-0.082648
0.036298
0.025656
0.037730
0.004550
0.053476
0.023777
-0.152321
-0.154008
0.012963
0.012516
0.020010
-0.058601
-0.024917
-0.024411
0.046593
-0.004110
-0.005767
0.077181
0.041378
-0.002312
-0.048451
0.020644
0.171503
-0.076962
-0.086087
0.073613
0.022296
-0.106665
-0.057155
0.046846
-0.000177
-0.072815
0.039144
-0.042382
0.019524
0.048522
0.031860
0.277406
0.103871
0.100787
-0.162645
0.100217
-0.102079
0.075433
0.146090
-0.003937
-0.089474
0.085657
0.041643
0.047804
0.046413
-0.118637
-0.073516
0.029227
-0.102077
0.021255
0.065499
0.004966
0.037712
0.014142
0.001845
0.058100
0.022169
-0.017977
0.069488
0.059413
0.027691
0.204156
0.215036
0.049242
0.022392
-0.109472
-0.007641
-0.048426
0.039832
-0.042359
0.088036
0.173193
0.017119
-0.016788
0.081884
0.022971
0.065612
-0.043083
0.070002
-0.064237
0.021107
-0.002693
0.055957
-0.016765
-0.056874
-0.115852
-0.031940
0.065465
0.069866
-0.090414
0.043613
0.008986
-0.032485
0.058348
0.038433
0.000028
0.048425
-0.046792
0.054542
0.077177
0.051210
-0.056329
0.016106
0.124596
-0.209202
0.065441
0.241094
0.062623
0.022402
0.008580
-0.040661
-0.018087
0.005434
0.010196
0.053988
-0.007048
-0.054116
0.026745
0.014115
0.004896
-0.076868
0.048805
-0.085725
-0.108829
0.139020
-0.008805
-0.122464
-0.074846
-0.104707
-0.024982
0.073596
-0.109660
0.059870
0.064840
-0.012089
-0.012748
-0.088558
-0.101172
-0.056119
-0.062949
0.007167
0.084625
0.015317
0.028509
0.073824
0.028935
0.124802
-0.081523
-0.059090
0.010707
-0.040955
0.022428
-0.088762
-0.040779
-0.046823
-0.094826
0.093296
-0.058930
0.071301
0.056168
-0.090326
0.036794
0.109394
-0.040311
0.043241
0.470646
-0.102884
-0.002407
-0.041774
0.007088
0.015719
0.041545
-0.006294
0.001287
-0.020733
0.002395
-0.149020
0.008071
0.096472
0.311341
0.125852
0.067611
-0.102664
0.183381
-0.144501
0.067166
-0.046070
-0.012631
0.057239
-0.084902
0.009267
0.028121
-0.080137
-0.007778
0.090804
-0.016791
0.022873
-0.079397
0.043164
0.071542
0.040276
-0.079278
-0.165493
0.075116
0.054701
0.063137
0.044782
-0.025964
-0.058178
0.026187
-0.061155
0.009005
-0.047449
-0.016182
0.087695
-0.037357
0.094305
-0.009954
-0.078501
0.055889
0.054777
-0.237052
0.029390
0.051504
-0.056614
-0.048341
0.059278
0.019902
-0.010480
-0.125618
0.024371
0.116142
0.009361
0.054125
0.015376
-0.011966
-0.038299
-0.097934
0.220276
-0.016049
-0.080995
0.078380
-0.003431
-0.034919
0.054419
0.065752
-0.006030
0.097234
-0.009399
0.031742
-0.228344
0.045569
-0.175436
0.114680
0.022807
0.051448
-0.055318
0.061158
0.032197
0.014589
0.044394
-0.061344
0.033972
0.015072
-0.108806
-0.044422
0.043107
0.020428
0.009731
0.034315
0.050359
0.350786
-0.031283
-0.041534
-0.017481
0.072213
0.074204
0.026173
0.132546
-0.052604
0.051000
0.366266
0.038190
0.050582
0.092114
-0.027362
-0.075223
0.063625
0.127387
-0.006316
-0.018670
0.043831
-0.077584
-0.095443
0.010316
0.031628
0.239670
-0.020333
0.096720
-0.047217
0.003728
-0.096501
0.039513
-0.109598
-0.070219
-0.017808
0.110650
-0.036185
-0.061895
-0.067204
-0.059828
-0.003037
-0.028681
0.058147
-0.109890
-0.202902
-0.057932
-0.009683
-0.012280
-0.001378
0.002742
-0.132829
-0.014329
0.044983
0.030302
0.173235
-0.024607
0.012119
-0.028103
0.054331
-0.041568
0.053449
-0.011627
-0.000338
-0.017113
0.012365
0.078315
0.112420
-0.019571
0.057967
-0.079717
-0.024996
-0.092961
0.137326
-0.001572
-0.066149
0.105187
0.077237
0.021146
0.044892
0.035566
-0.004858
-0.111421
-0.079838
-0.027406
0.015955
0.127976
-0.086896
0.007736
-0.016711
-0.167461
-0.052510
-0.148688
-0.008336
0.012694
0.026114
0.065324
0.076444
0.074695
-0.096056
0.031651
0.041793
-0.021361
0.030028
-0.059327
0.022205
-0.033111
-0.065050
-0.024851
-0.050213
0.006109
0.026810
0.021068
0.113691
-0.145491
0.154532
-0.105708
0.031310
-0.006010
0.004441
0.087855
0.001349
-0.035384
0.115662
-0.013685
0.309838
-0.079029
0.077700
0.032226
-0.028235
-0.090916
-0.014215
0.023589
0.008872
0.064208
-0.040664
-0.035485
-0.084576
-0.006435
0.049118
0.156196
0.086906
-0.073283
-0.000821
0.087190
-0.059861
0.023175
0.095644
-0.050108
-0.099359
0.059488
-0.064910
0.010349
0.023023
-0.026226
-0.103350
0.042167
0.033350
-0.007218
0.021786
-0.023225
-0.112449
0.102637
-0.095311
-0.053270
0.065747
0.040730
0.050397
0.043215
-0.143191
0.075899
0.000483
0.127434
0.010631
-0.070482
-0.009202
-0.002204
-0.055611
0.005424
0.002359
0.328817
-0.064360
0.044597
-0.103386
-0.082190
0.088426
-0.011549
0.055995
0.036020
-0.057714
0.048474
-0.057533
-0.055872
0.060043
0.165275
-0.016539
-0.013229
0.062786
-0.047180
-0.078734
-0.001551
0.264236
0.035051
-0.005373
0.036495
0.052452
0.039461
0.175225
-0.032720
-0.051898
0.014820
-0.080728
-0.000111
-0.071106
0.023975
0.012594
0.068478
0.041316
0.014213
0.011800
-0.057566
-0.087806
0.033041
0.059177
0.042066
-0.116952
-0.044146
0.047357
0.084142
0.073034
-0.071960
0.018364
-0.021183
0.006680
0.054220
0.079360
0.090976
0.021031
0.065397
0.107673
-0.056817
0.070101
0.035112
-0.001502
0.015829
-0.143662
0.058257
0.042044
0.041430
-0.002917
-0.089718
0.259018
-0.057994
-0.018140
-0.205361
0.045188
0.057486
0.083369
0.019899
0.008599
0.131803
0.060373
-0.054613
0.062103
-0.039721
-0.002489
0.102459
0.062016
0.053676
0.008782
-0.018272
-0.173859
-0.015777
-0.044225
-0.131177
0.175979
-0.048715
0.025175
-0.023916
0.021222
0.052366
-0.090351
-0.005954
0.057919
-0.030673
-0.059632
-0.142309
-0.052677
0.040029
-0.051010
0.088860
-0.075633
0.016465
0.113335
-0.030200
0.056507
-0.074497
0.077309
0.035968
0.047338
0.024830
-0.106279
0.052137
0.005679
-0.009826
-0.151377
-0.096326
0.040889
0.119193
-0.018269
-0.001441
0.087881
0.021897
-0.051536
0.043511
0.029600
0.080529
-0.023474
-0.054792
-0.019321
0.057079
0.073102
0.039254
0.011842
-0.118470
-0.022740
0.145814
0.037819
0.025974
-0.019840
-0.046394
-0.074680
-0.046029
0.055847
-0.009471
0.054432
-0.034968
0.036335
0.114619
-0.107474
0.055929
-0.011714
0.066594
-0.009027
-0.027593
-0.014313
0.554111
0.023614
-0.180982
0.045569
-0.013524
-0.098707
0.166410
-0.015222
-0.005025
-0.014469
-0.031481
0.027359
0.067431
-0.001103
-0.050558
-0.001681
0.004094
-0.021850
0.075571
0.079193
0.118426
0.000801
0.042730
-0.085507
0.046550
0.031370
-0.007089
0.004818
-0.082815
0.374760
-0.011696
0.140079
0.120817
-0.067508
0.059290
-0.005028
0.016693
0.060157
-0.040919
-0.018029
-0.065112
0.036602
0.054436
0.012679
0.015469
0.016469
-0.068356
0.000006
0.072257
-0.080971
0.003537
0.083439
0.094795
-0.000707
0.004222
0.019781
0.021189
0.087054
0.071280
0.128014
-0.057026
-0.039602
-0.049606
0.037844
0.059863
-0.002928
-0.005289
0.047705
-0.000415
-0.051982
-0.007828
-0.002216
-0.065709
-0.081467
-0.025166
0.034373
0.052062
0.025468
-0.063873
0.082860
-0.068755
0.084615
-0.044345
0.011285
0.141984
0.044389
0.033234
0.152404
-0.066183
-0.069028
-0.011413
0.016201
0.080542
0.042424
-0.071477
0.122035
-0.005222
0.059849
0.077337
0.054656
-0.040721
-0.039496
0.025431
0.072052
0.004255
0.052149
-0.028979
0.071095
0.063770
0.024996
0.050288
0.008250
0.055646
0.101829
0.066240
-0.092725
-0.061926
-0.013518
0.066092
-0.027703
-0.073847
-0.127874
0.012850
0.003358
0.019554
-0.023806
0.002376
0.039550
-0.092167
0.038179
-0.122807
-0.004477
-0.065915
0.073613
0.016217
-0.096484
0.079034
0.054324
0.012186
-0.045001
0.040101
-0.036765
0.009989
0.042089
0.036859
0.018645
0.043489
-0.078068
-0.021229
0.236508
-0.014311
-0.071632
-0.043582
0.038094
0.116263
-0.060360
-0.046889
0.039131
-0.001904
0.123382
-0.076229
-0.150212
0.133178
-0.148855
-0.147629
-0.120673
0.309026
0.002028
0.047645
-0.062644
0.153211
-0.047823
0.000497
-0.009264
0.035026
-0.059108
0.071013
-0.030578
0.066811
0.014343
0.015693
0.100027
0.078542
0.081878
0.075995
-0.108498
0.054855
0.020620
0.082389
0.061128
-0.019028
-0.137090
0.016416
0.086978
0.064427
0.010172
-0.092805
0.102573
0.017686
-0.046336
0.040005
0.031131
-0.007035
-0.068294
0.333824
0.035381
0.065501
-0.062271
0.084238
0.009457
0.088138
-0.080526
0.112166
-0.055774
0.028279
-0.124091
-0.107694
-0.040456
0.049842
-0.022145
0.211270
-0.060673
0.052894
0.009370
0.047297
-0.084632
-0.064723
-0.035605
-0.035008
0.099910
-0.103535
-0.033571
-0.014093
0.054591
-0.047534
0.000431
-0.084019
0.040950
-0.034765
0.065298
0.121951
0.061080
-0.027569
0.056771
0.059407
0.203841
0.029349
-0.022400
-0.130914
0.042147
-0.017082
-0.004801
0.104221
-0.139524
-0.047467
-0.132538
0.070496
-0.089759
-0.044528
-0.027276
0.089749
0.009445
-0.078776
-0.083909
-0.082336
-0.077981
-0.019129
-0.082286
-0.049610
-0.150441
0.089322
-0.065282
-0.061829
0.303578
-0.047418
-0.052383
0.064186
-0.040560
0.047021
-0.061708
-0.035306
0.019980
-0.068719
-0.005093
-0.066262
-0.028422
-0.007031
-0.040816
0.169008
0.003334
0.126377
0.079225
0.031814
0.052515
0.093836
-0.145889
0.002599
0.003109
-0.010323
0.068605
-0.000365
-0.102570
0.093885
0.069173
0.064037
-0.007461
-0.119504
-0.034426
-0.013773
0.277019
-0.015160
0.031200
0.008619
0.011029
0.054764
0.007677
-0.050254
0.013386
0.038409
0.043066
0.177061
-0.119860
-0.005296
-0.118422
-0.090889
0.014845
0.478215
-0.031922
0.031423
0.051424
-0.100517
0.085530
-0.078610
0.038844
0.095055
-0.032075
0.014778
-0.056896
0.010915
-0.008065
-0.077760
-0.036752
0.001812
0.115508
-0.097964
0.022425
-0.133490
-0.079015
-0.077838
0.026864
0.112730
-0.072949
-0.057230
-0.014875
0.023607
0.008852
-0.063511
0.138636
0.029035
-0.004984
-0.084706
0.014932
-0.008473
0.042185
-0.014900
0.133906
0.046683
0.077644
-0.110626
-0.011238
0.028232
0.025693
-0.069325
-0.065369
-0.002587
0.009938
0.000148
0.029484
-0.033099
-0.003210
0.003107
-0.044146
-0.124960
0.080066
0.001408
0.013875
0.047233
0.077891
0.000397
-0.119525
0.030756
0.076677
-0.065467
-0.027583
-0.067195
-0.073526
-0.006495
0.077046
0.000959
-0.057945
0.002616
0.081689
0.013784
0.059129
0.022608
-0.008670
0.042170
0.096430
0.116323
0.021466
-0.069223
0.196285
-0.019727
-0.010961
0.066720
-0.033935
0.013751
-0.049864
0.045266
0.039913
-0.054463
-0.083770
0.115416
0.050167
0.033078
0.036462
-0.028190
0.006972
0.109483
0.018090
0.017082
0.065443
0.054229
-0.008550
0.037687
0.111921
-0.048996
-0.076443
0.000138
0.051978
0.104639
0.003271
0.016539
0.056157
0.009668
-0.040857
0.000617
-0.026651
0.007546
0.057326
0.044136
-0.005264
-0.015139
0.001182
-0.068160
0.018475
0.121781
0.117186
-0.049340
0.015561
0.009782
0.028085
0.043087
-0.048123
0.072121
-0.015792
0.119200
0.091418
0.003682
-0.107004
-0.081102
0.199119
-0.022853
0.047575
-0.052614
-0.076969
-0.169874
0.000573
-0.063461
0.138154
-0.006524
0.012348
-0.030554
-0.005608
-0.068027
-0.061307
0.044525
0.036490
-0.082399
0.329854
-0.129056
-0.083873
-0.004891
0.033624
0.027258
-0.102100
0.025821
-0.039491
0.029730
0.100435
-0.019555
0.148920
0.071800
0.123769
0.033881
-0.081594
0.207836
0.051734
-0.002144
-0.122251
-0.048551
0.052073
0.062294
0.001139
-0.014790
0.081247
-0.033775
0.076650
-0.049225
0.016973
0.068247
-0.008876
0.028248
-0.045349
0.087845
0.016415
0.058466
-0.062977
0.008633
-0.061258
-0.015686
0.010735
-0.127116
-0.044375
-0.009293
0.051101
-0.038854
-0.058796
0.008922
0.024529
-0.168795
0.090071
-0.100102
0.091769
0.033781
-0.112326
-0.091432
-0.048241
-0.015130
-0.007359
-0.084498
0.084058
-0.029683
0.037056
-0.011398
-0.036910
-0.103577
0.107486
-0.056474
-0.021694
0.004370
-0.038506
0.044005
0.043526
0.023333
0.036433
-0.031734
-0.174784
-0.101910
-0.065650
0.201650
0.063904
-0.019127
-0.037690
0.042982
0.118403
-0.013942
-0.044278
0.015919
0.020732
-0.011934
-0.089957
-0.011166
-0.074307
0.154113
0.001396
-0.007214
-0.004275
-0.060739
0.113192
0.656721
-0.065633
0.015806
0.044220
0.009926
-0.077772
0.076685
0.119587
0.025979
0.000686
0.062205
-0.065998
0.056266
-0.081504
0.038058
-0.043109
0.068810
0.058624
0.155332
0.031897
0.126258
0.016651
-0.058479
-0.039439
0.074704
0.039084
-0.052860
-0.029419
0.007732
0.117339
0.016798
0.058547
0.050530
0.038953
0.000678
0.010498
-0.071180
0.047924
0.003517
-0.037678
-0.002289
0.123457
0.029404
-0.060816
-0.064076
0.003446
0.015631
0.059073
0.050038
0.017976
0.001866
0.044091
0.008450
-0.101291
-0.063181
0.026290
-0.060184
-0.004078
0.051659
0.025573
0.303467
0.066364
-0.009943
-0.080436
-0.040256
0.038550
-0.033981
0.119006
-0.013640
-0.064025
0.057210
-0.147582
0.097055
0.038579
0.033117
-0.066219
0.060075
-0.074453
0.041243
-0.075196
0.044526
0.017234
0.031912
0.038106
-0.033782
0.120851
0.070205
0.014906
-0.090065
-0.105049
-0.012615
0.029255
-0.139328
0.070169
-0.167869
0.009410
0.047962
-0.049603
0.028899
-0.052328
0.096106
-0.006547
-0.093591
0.143978
0.154747
-0.068270
-0.058830
-0.005982
0.125179
0.151337
0.189479
-0.068234
-0.079125
-0.035964
-0.038223
-0.039641
0.072031
-0.040455
0.017457
-0.106884
-0.053285
-0.025779
0.080915
-0.009872
-0.023334
-0.000690
-0.039471
0.109839
-0.061525
-0.021894
0.005012
0.117292
0.088111
-0.069540
0.020834
-0.097511
0.041818
0.030066
-0.149429
0.033743
0.004855
0.025045
0.018715
0.095771
0.019658
0.004073
-0.048491
0.045631
-0.030918
-0.007738
0.033174
-0.000792
-0.005829
0.062788
-0.005147
-0.099342
0.028955
-0.029746
-0.075163
0.125116
-0.040615
0.036595
0.033782
0.041114
0.112123
-0.094465
0.031223
0.013773
0.029291
0.059444
0.030546
0.312117
-0.050939
0.005604
-0.018218
-0.058602
0.017740
0.083446
0.024875
-0.044416
0.074815
0.026970
0.019240
-0.074201
0.020505
-0.017580
-0.102696
0.017217
0.084759
0.058590
-0.023725
0.027986
-0.070861
0.129652
-0.003246
-0.063603
-0.009099
0.060886
0.055143
-0.059751
0.029567
0.038922
0.074237
-0.047839
0.494432
0.057134
0.033438
-0.053744
-0.098597
0.010120
0.079794
-0.008711
-0.100045
-0.023279
0.049675
-0.107222
0.013588
0.031287
-0.080795
-0.011086
-0.010580
-0.021487
-0.109612
-0.088354
-0.001851
-0.016331
-0.029516
0.073846
-0.052472
0.060978
0.075041
0.031882
-0.104531
0.089296
0.073748
0.050491
-0.008167
0.073657
-0.099734
0.032782
0.035004
-0.154079
0.001477
0.088567
0.010102
0.056552
0.103095
-0.108576
0.155503
-0.096060
-0.015321
0.034934
-0.015608
0.079425
-0.049754
0.058970
-0.143995
-0.003697
0.001896
0.060551
0.064130
0.043426
-0.071073
-0.109294
-0.013191
0.094310
-0.004137
-0.070384
0.022450
-0.065271
-0.014541
0.123213
-0.105428
0.112450
0.035015
0.038925
0.025316
0.066450
0.058948
-0.104466
0.010784
0.027681
-0.079141
-0.028520
-0.135359
-0.071268
-0.056299
0.091092
0.025837
-0.044864
-0.177506
0.117055
0.028847
-0.078465
0.065627
0.008913
-0.044049
-0.030245
0.015305
0.459132
-0.064911
-0.024222
-0.056824
0.038866
-0.069125
-0.114741
0.136637
0.013197
0.024042
0.015958
-0.132988
-0.106906
0.036148
0.092438
-0.023812
-0.035417
0.073159
0.001212
0.032084
0.035358
-0.041037
-0.055604
-0.065273
-0.016162
-0.086471
0.051165
-0.025611
0.034629
0.105812
0.043659
0.040202
0.077212
0.042989
0.164008
-0.013781
-0.054751
0.020814
0.036393
-0.020374
0.012912
0.059964
-0.058528
0.003741
0.055781
-0.138249
0.076609
0.083708
0.072372
-0.023232
0.138590
0.084507
0.092902
-0.076876
0.065189
0.063979
0.059622
-0.031925
-0.151177
0.005814
0.002299
0.007371
-0.000506
0.048578
-0.023436
0.017238
0.024880
0.035353
0.067734
0.113396
-0.032391
0.104106
0.088240
0.069927
0.048569
0.074802
-0.107562
0.046359
0.120547
-0.066470
-0.022744
0.304749
0.097735
0.010852
-0.069348
0.022441
-0.038072
-0.015062
-0.000543
0.046122
0.287027
-0.115918
0.073002
0.053490
0.039776
-0.098356
0.127006
-0.028315
0.037335
-0.110606
-0.008943
0.046637
0.052139
-0.057790
0.069191
-0.003031
-0.021579
-0.124366
0.044542
-0.076149
0.034138
0.014222
0.126852
-0.036285
0.010846
-0.003420
0.011555
0.046171
0.053159
0.044710
0.024338
-0.054912
0.032746
0.039732
0.065191
0.016763
0.084055
0.011256
0.027010
0.023663
0.043305
0.030629
0.014988
0.066137
0.211060
-0.097736
0.047370
0.182754
-0.080144
-0.000538
-0.031481
-0.054242
-0.078605
0.020742
-0.051394
0.059212
-0.087677
0.014729
-0.063235
-0.040110
0.017432
0.099935
0.180423
0.022319
0.049998
-0.014515
-0.055933
-0.009754
0.529134
-0.015108
0.030990
0.023047
0.088188
0.018354
-0.111913
0.001055
-0.073100
0.081087
0.052877
-0.091362
-0.072463
0.044303
0.051853
-0.026978
0.063062
-0.051303
0.005400
0.070746
0.076431
-0.011971
-0.093364
0.027522
0.008750
-0.126438
0.020226
-0.083518
0.016141
-0.110392
0.022450
-0.014446
0.117478
-0.077210
0.044913
0.045891
0.020855
-0.049434
-0.027618
0.015698
0.000828
0.038974
0.063472
0.080267
0.075943
0.040073
0.105193
0.037590
-0.007947
-0.060601
-0.007017
0.070665
0.043107
-0.015288
-0.019620
0.088112
0.059191
0.030964
0.046516
0.028894
0.071808
0.097521
0.028185
0.089475
0.088660
0.206370
0.006749
-0.009837
0.065107
0.105494
-0.004960
0.004752
0.031855
0.059880
-0.146365
-0.013059
-0.011689
-0.046732
0.068568
0.044472
-0.080158
0.068237
0.187155
0.022897
-0.003872
0.064169
0.052856
0.033251
0.047310
0.017191
-0.031002
0.071004
0.031147
-0.024307
-0.005918
-0.002500
0.156452
0.607167
-0.104058
0.044027
0.026841
-0.069028
-0.066283
-0.002539
0.007456
0.104575
0.009968
-0.089127
0.099181
0.365479
0.057691
0.003687
0.030235
0.059399
-0.025749
0.062846
0.035679
-0.009157
0.046940
0.036067
-0.118934
0.014799
0.056400
0.025509
0.020384
-0.002420
-0.104745
0.093964
0.216447
-0.079528
0.054226
0.096736
0.118390
0.014655
-0.151449
0.331573
-0.116034
0.065167
-0.102313
0.021125
0.048248
-0.026479
0.049397
-0.055568
-0.144455
0.021378
-0.009885
0.041546
-0.048230
-0.011013
-0.072731
-0.030443
-0.017294
0.073713
-0.018779
-0.135321
-0.090636
0.062674
-0.050154
0.025552
0.134645
-0.096509
-0.008466
0.042244
0.051945
-0.167416
-0.069609
-0.010157
0.047878
0.070452
-0.133174
-0.088793
0.051135
-0.025112
0.082007
-0.023967
-0.052211
0.011649
0.089319
-0.026214
0.114252
-0.042651
0.085413
-0.010340
0.076692
0.028162
0.037480
0.029976
0.013573
0.094212
0.050574
0.014956
-0.040312
-0.053556
0.015424
0.070680
-0.030942
-0.013635
0.104002
-0.129838
0.028715
-0.136162
-0.101067
-0.003581
0.150161
-0.069164
-0.145383
0.291648
-0.046290
-0.025233
0.006451
-0.130460
0.040074
-0.074133
0.011135
-0.067741
-0.004689
0.052844
-0.075214
-0.027405
-0.070409
0.070267
-0.062200
0.100751
0.007930
0.122867
0.055151
0.035403
0.064908
-0.106356
0.051954
0.083357
0.013130
0.013335
0.031822
-0.000165
0.039945
-0.049745
0.000793
0.047883
-0.004990
-0.053258
0.018014
0.062817
0.065750
0.069762
0.093775
-0.076267
-0.082052
-0.008239
0.151029
0.040129
0.089949
0.001435
0.285722
0.102239
0.040351
-0.074383
0.006397
0.103691
-0.012679
0.008991
0.303884
0.063999
-0.105723
0.043432
-0.044026
-0.000411
0.025329
0.114958
-0.001138
-0.018440
-0.071186
-0.044651
-0.015319
0.028364
0.112640
-0.067213
0.161933
-0.088057
0.005731
0.115589
0.037273
0.080249
0.065043
0.034249
-0.099313
-0.006749
-0.165349
0.089137
-0.096967
-0.175353
-0.029747
0.027001
0.234378
0.053765
0.019464
0.208212
-0.013723
0.070252
0.091844
0.042340
-0.102944
0.014123
0.112664
-0.128508
0.081040
0.044265
0.032554
0.016962
0.030954
0.049845
0.028232
0.045507
0.033025
-0.011882
-0.072749
-0.044029
-0.047154
-0.103391
-0.041813
0.080376
0.142752
0.054867
0.137379
-0.144610
0.034453
-0.091806
-0.070188
0.000298
0.063421
-0.037259
0.060688
-0.035904
0.130348
0.025978
-0.070872
-0.049020
-0.059481
0.024619
0.025132
-0.005034
-0.053851
0.054143
-0.038320
-0.126966
-0.000385
0.081864
0.037294
-0.120328
-0.123565
0.092099
0.006614
0.083630
0.040648
-0.019426
0.024082
-0.008562
0.056613
0.049980
0.030725
0.041924
0.025029
-0.026435
0.139886
0.000587
-0.093034
0.013989
-0.068128
-0.101932
-0.023174
-0.132916
-0.085432
0.025066
-0.044673
-0.084970
-0.049619
0.008475
0.017083
0.042733
0.087266
-0.136565
-0.084488
-0.066276
0.031012
0.077379
0.200133
-0.021023
0.004372
0.002000
-0.045652
-0.161721
-0.043924
0.119706
-0.049394
0.052087
0.123564
0.000386
-0.057487
0.069625
0.054703
-0.160284
-0.110802
0.002940
0.019524
0.098544
0.034600
0.052241
-0.004492
0.074509
0.035143
-0.127540
-0.059542
-0.043013
0.045191
-0.057642
-0.102508
-0.089797
-0.011046
0.031723
-0.107693
-0.086625
0.066318
0.120806
-0.008937
0.123782
-0.093101
0.049382
0.090034
-0.127985
0.113227
-0.071932
0.058692
-0.011005
-0.007215
-0.095997
-0.059087
0.112045
0.020242
-0.138832
-0.068167
-0.040586
0.138668
0.103027
0.039456
-0.104276
0.226938
-0.050953
0.069022
0.011355
0.018346
-0.000802
0.135370
-0.030924
0.017625
0.077672
0.026647
-0.029679
0.033897
-0.096508
-0.144069
0.002650
-0.114645
0.009474
0.131589
0.009251
-0.075493
-0.084876
0.004117
0.016748
0.007053
-0.021539
-0.093793
0.044692
0.068553
0.039436
-0.040653
0.026013
0.073013
0.053002
-0.022116
0.088643
0.065179
0.058249
0.083385
-0.113581
0.003430
-0.058444
0.057689
-0.016711
-0.058580
-0.074696
0.047890
0.175480
0.044894
-0.022907
-0.001203
0.035817
0.063462
-0.121612
-0.014954
0.044002
0.010711
-0.155555
-0.072365
0.072079
0.087409
-0.039274
-0.048025
0.026266
0.003165
0.001330
0.082421
0.175110
-0.018798
0.052856
-0.004132
-0.086110
0.049371
0.042866
0.036356
0.053577
-0.069793
-0.035846
-0.027430
0.024223
-0.075833
0.014251
-0.122885
-0.006208
0.012613
-0.096197
-0.041262
-0.104326
0.109190
-0.045538
0.005269
0.034226
-0.085663
-0.041017
-0.105772
-0.033943
-0.088055
0.048684
0.159511
-0.006979
0.045679
0.093251
0.043997
0.074257
-0.081846
0.071173
0.025244
0.036211
0.075971
0.050643
0.060124
0.003588
0.028440
-0.016963
0.035598
-0.007294
0.022722
0.025751
-0.031519
0.032197
-0.131050
-0.109132
-0.102287
0.050346
0.029436
-0.008438
-0.081538
-0.070425
0.045198
0.013393
-0.023112
0.097421
0.423058
0.046085
0.032331
0.019768
-0.042732
-0.019434
0.072325
-0.078371
0.069718
-0.012982
0.133662
0.030341
-0.106759
0.082543
0.059303
-0.073452
-0.019445
-0.073813
0.074917
-0.014696
-0.176941
0.060493
0.035388
0.076166
-0.038532
-0.078552
0.090167
0.078224
0.231529
0.037859
-0.063945
0.027975
-0.011822
-0.103227
0.014620
0.007187
-0.021378
-0.034779
-0.020771
0.133427
0.070839
-0.006095
-0.064940
0.026339
-0.001907
-0.022172
0.017972
-0.045403
0.046192
-0.006131
-0.010023
0.087695
0.055355
0.075350
0.049537
0.009305
-0.000615
0.589620
0.131561
0.183435
-0.047330
0.048472
-0.030870
0.086916
-0.049978
0.133090
0.021201
0.034564
0.003474
-0.036050
-0.054809
0.051727
0.026271
-0.129384
0.050967
0.105745
0.005343
-0.016637
-0.200429
-0.059906
0.082838
0.033980
-0.177841
-0.020911
0.039678
0.157973
0.092681
0.030215
-0.192943
-0.123402
-0.058541
0.118401
-0.098485
0.080591
-0.067626
0.110907
-0.006970
-0.043905
-0.071483
0.068086
0.091164
0.056130
-0.019878
-0.074771
0.075976
0.059646
0.010679
0.026701
-0.110092
-0.059531
-0.094170
-0.057347
-0.026533
-0.169973
0.103686
-0.037355
0.006531
-0.033767
0.062578
-0.035032
0.038999
-0.086478
0.596409
-0.113399
0.110816
-0.072532
0.016136
0.071500
-0.024723
-0.073614
-0.010432
0.049440
-0.078473
0.017013
0.039024
0.214743
-0.023415
-0.034791
0.033533
-0.012174
0.105343
-0.022070
-0.012914
0.037601
-0.013900
0.049366
0.067897
-0.033980
0.046662
-0.091755
-0.043769
0.056068
-0.084714
0.069118
0.007383
0.015511
-0.005880
0.033401
-0.073673
-0.033451
-0.087382
-0.012597
0.206335
0.023576
-0.045972
0.025908
0.036723
0.071582
-0.072629
0.095312
-0.150506
0.035780
-0.032440
0.064067
-0.091778
0.053803
-0.103217
0.003192
0.034177
0.020935
-0.029248
-0.054652
0.116649
-0.035185
-0.013121
0.005433
0.116085
-0.163907
0.055742
0.115336
0.062611
0.124481
-0.036245
-0.045068
0.027073
-0.151160
-0.010212
0.020049
0.014886
0.149416
0.028356
0.261254
-0.076312
0.033763
0.120418
0.014345
-0.010137
-0.086436
0.053384
0.025581
-0.007820
0.115347
-0.067676
0.023010
-0.078746
-0.023426
-0.019037
0.034568
-0.125251
-0.087307
0.018492
0.080817
-0.013727
0.024372
-0.065153
-0.043599
0.064341
-0.030852
0.054353
-0.096089
0.183678
0.026268
0.109597
-0.154864
0.023479
-0.014972
-0.054423
0.028196
0.021891
0.089228
-0.000953
0.132635
0.031002
0.021742
0.063360
0.107532
0.074638
-0.007645
-0.019832
0.041651
0.078577
-0.038328
-0.143384
-0.042321
0.065649
0.016968
0.050651
-0.103836
-0.031960
0.055954
-0.061852
-0.074041
-0.067269
-0.091311
0.045256
0.141304
0.005990
0.093109
0.025604
-0.067347
0.046676
0.050747
0.100191
0.177420
0.044335
0.080158
-0.003675
0.036298
-0.072227
0.078148
-0.057219
-0.105743
-0.012304
0.021867
-0.024137
-0.031852
-0.038252
0.013694
-0.064002
-0.028893
-0.032979
0.079603
-0.085808
-0.078102
0.093147
0.038595
0.014021
0.020139
0.040927
-0.024327
0.021842
-0.038189
-0.137926
0.005408
0.031572
-0.051104
-0.078216
0.169028
0.110806
-0.053301
-0.038300
0.008818
-0.043365
0.052116
0.012028
0.036101
0.070249
0.037421
-0.031514
0.061725
-0.128516
0.052082
-0.145750
-0.045513
0.055285
-0.070035
0.042210
0.076349
0.037303
0.066829
-0.048907
0.110170
0.021948
0.054685
0.041280
0.066012
0.061740
-0.056260
-0.043643
0.074533
0.056926
0.007976
-0.142161
0.015840
0.076921
0.185549
-0.002985
-0.053103
0.118178
-0.019526
-0.031746
-0.035780
0.102804
0.032884
0.049182
-0.030561
0.025429
-0.036602
0.061765
-0.116650
0.078802
0.016886
-0.071791
0.042068
0.038435
-0.075702
-0.043102
-0.044752
0.061715
-0.029523
-0.052026
0.026551
0.022425
0.115830
0.049436
-0.090559
0.047291
0.110699
-0.069220
-0.051747
-0.115982
-0.017114
0.075790
-0.085085
0.031822
0.035514
0.000043
0.012605
0.054406
-0.035155
0.035962
0.000881
-0.151785
0.121444
-0.030166
-0.015633
0.052116
0.095998
0.061794
0.107799
0.200824
-0.078326
-0.051031
-0.021707
0.085622
0.027471
-0.098921
0.073960
0.018627
-0.055940
0.036390
0.014162
0.069392
0.004702
-0.015943
-0.141961
-0.012162
-0.114826
0.053998
0.082551
-0.009648
-0.065769
-0.058920
-0.148421
0.048919
-0.026799
-0.047557
0.043608
0.311579
0.107374
0.080117
-0.091808
-0.028625
0.018575
0.065822
-0.084583
0.046112
0.257686
0.011988
-0.124124
0.065159
0.054683
0.067328
-0.035726
0.014363
-0.048759
-0.066805
-0.009886
-0.074938
-0.131617
-0.058453
0.007015
0.174272
-0.059335
-0.128722
-0.036297
-0.067171
0.086100
-0.006421
0.098215
-0.001387
-0.037767
0.014680
-0.036087
0.014176
0.111827
-0.013150
-0.064515
0.047407
-0.088971
-0.108019
0.092499
0.054458
0.036028
-0.084686
0.030400
0.040207
-0.019178
0.029551
0.071907
0.078857
-0.023208
0.085295
-0.017193
-0.011365
0.049532
-0.127946
-0.002681
-0.003593
0.042718
-0.044540
-0.102941
0.029026
-0.043521
-0.008116
-0.025093
0.207649
0.256140
0.038789
-0.010715
0.073925
0.006936
-0.017843
0.063850
0.048624
0.041628
-0.004294
-0.106317
0.041982
0.044321
0.117409
-0.043602
-0.024027
0.023338
-0.170256
-0.008443
0.037562
0.052338
0.097151
0.021429
0.046197
0.052579
0.052038
-0.026850
0.069563
-0.038194
0.104408
-0.052701
0.040774
0.045327
0.016840
0.024291
-0.050273
0.023836
0.090467
0.010814
0.074136
-0.045693
-0.006762
0.016846
-0.003886
0.112169
0.096638
-0.019780
0.258903
0.028513
0.017635
0.026836
0.002859
0.028836
0.043855
-0.091435
0.059605
0.152182
-0.022701
-0.051291
0.108214
0.043087
0.068047
0.044092
0.059029
0.007765
0.000271
-0.134629
0.032079
0.038273
0.282026
0.034833
-0.051810
-0.030772
0.000575
0.010317
0.113941
0.001103
-0.047025
-0.019087
0.023606
-0.102331
-0.029700
-0.005728
0.043179
-0.051410
-0.103183
0.024479
0.223835
-0.050565
0.022184
0.064333
0.058632
-0.116340
-0.026112
0.094242
-0.059203
-0.086363
-0.057460
0.057616
0.063295
0.022751
0.216751
0.082504
0.013705
-0.009212
0.196582
0.035870
0.034018
-0.060394
0.070332
0.088950
-0.041589
0.126404
-0.044150
-0.009589
-0.036459
-0.025895
-0.014378
-0.109867
-0.024579
-0.081573
-0.024427
0.006060
-0.093478
0.083224
-0.149408
0.035202
0.059536
-0.026640
-0.070024
0.005836
-0.094502
0.002829
0.005678
-0.122762
0.036385
0.004533
0.127827
-0.060188
-0.035448
-0.082271
0.265432
0.514810
-0.021224
0.061991
-0.019167
-0.075050
-0.033757
0.050830
0.002941
0.108159
-0.039624
-0.093362
-0.062573
-0.070469
0.070712
-0.086173
-0.029324
-0.007677
-0.019242
0.101153
0.047627
0.128591
0.012957
-0.010742
0.040774
-0.111423
0.079358
0.051970
0.019662
0.074103
0.039951
0.069568
0.040284
0.063599
-0.095106
0.051808
-0.043739
0.039426
0.091041
-0.036669
0.058368
0.014482
0.124832
-0.058518
0.083706
0.087535
0.027294
-0.056935
-0.037531
-0.015226
0.056193
-0.046228
-0.037778
-0.058799
0.048457
0.120378
-0.067208
0.171759
-0.122921
-0.010617
0.048869
0.012983
-0.026752
-0.012108
-0.016988
-0.119225
-0.006915
-0.045056
-0.019470
0.152404
0.022182
0.062295
0.078791
-0.043111
-0.015260
0.049602
-0.027453
-0.006679
-0.033964
0.193866
0.473800
-0.024611
-0.010820
0.084402
0.027601
0.026020
0.076945
0.003369
-0.002810
0.067792
-0.078907
0.108993
-0.040873
0.008054
-0.048895
0.133722
-0.039678
0.024342
-0.000619
0.044026
0.032267
-0.044650
-0.014238
0.053615
-0.077093
0.064292
-0.013541
-0.079060
0.029724
0.088886
0.074933
-0.196224
0.089302
0.068863
-0.133283
0.101743
-0.015601
0.140428
-0.018730
-0.054538
0.050458
0.017535
-0.058235
0.014580
0.015080
0.068104
-0.033868
-0.022530
-0.044618
0.010874
0.046228
0.092618
-0.034868
0.066864
-0.050446
0.039477
-0.060906
-0.005641
0.095858
-0.028670
-0.005386
-0.049842
0.028717
-0.018689
0.055319
0.065720
0.023857
0.148556
0.023344
-0.008238
0.062330
0.035357
-0.001723
-0.127534
0.002013
-0.117806
0.038424
0.039679
-0.043106
0.062096
0.054797
0.049338
0.049871
0.067832
0.031855
0.026259
0.001218
0.015597
0.078963
0.069158
0.032220
0.023854
0.027761
-0.016400
0.050851
0.025791
0.049162
-0.094192
-0.007360
-0.030015
-0.051775
0.006614
0.062824
0.335537
-0.053317
-0.028537
-0.051552
-0.103137
0.017087
0.093623
0.029186
0.066133
0.094514
0.008226
0.058238
-0.006438
-0.028005
-0.003698
-0.064796
0.013685
0.042869
0.084861
-0.026142
0.030162
-0.030131
0.061936
-0.112074
0.042318
-0.029240
0.145090
0.042126
0.040686
-0.024227
-0.066302
0.063691
-0.082529
-0.001430
0.008600
0.007132
0.031118
0.142298
0.251341
-0.015081
0.004553
-0.089284
0.134925
-0.001886
0.029012
-0.042460
-0.015815
0.001194
0.012258
0.018518
0.044569
-0.008762
0.078726
-0.030158
0.045228
0.068348
0.019103
0.072196
0.084055
-0.103580
0.058726
-0.043326
0.028905
0.038605
0.086688
-0.003160
-0.009166
0.122930
-0.123116
0.103871
-0.000860
-0.123018
-0.069860
0.075194
0.062591
-0.101719
0.015824
-0.021767
0.071662
-0.095700
0.077758
0.082407
0.030876
0.031958
-0.008923
0.006345
-0.011713
0.077481
0.045973
0.036792
-0.085648
0.023202
0.071471
-0.151402
-0.038532
0.070316
0.012232
-0.032639
0.006467
-0.027841
0.063756
0.029082
0.075725
0.064947
-0.027381
0.049526
0.029394
-0.069651
-0.184757
0.035437
0.030218
0.001040
-0.023739
-0.027296
0.059310
0.069724
-0.083950
0.065342
-0.101884
0.032075
0.110063
0.177306
-0.041135
0.016682
-0.007764
0.012745
0.075545
0.007021
0.065227
-0.048293
0.043519
0.078610
-0.053567
0.042119
-0.099303
-0.008690
-0.059375
0.095910
-0.041964
-0.027761
-0.014682
0.140615
-0.123404
0.041111
-0.014357
0.016546
0.053618
0.049730
-0.066453
0.448145
-0.013644
0.009482
-0.035287
0.027177
0.057062
0.059914
0.027859
-0.071981
-0.105652
0.075326
-0.043972
-0.034154
0.106180
-0.052405
0.029276
0.064929
-0.045793
-0.023395
0.012709
0.091839
0.182175
-0.083319
0.220022
0.113141
0.095579
0.008148
0.099232
-0.121856
-0.015220
0.070869
0.055965
0.140147
0.012371
-0.024464
0.080669
0.113835
-0.094712
0.001064
0.093178
-0.098685
-0.042001
0.124704
-0.170488
0.051125
-0.026212
0.069978
0.112290
0.091386
0.135317
0.008490
0.016253
-0.008518
-0.095139
-0.041839
-0.108635
0.020557
-0.027530
-0.031550
-0.165657
0.052898
0.099921
0.067504
0.060759
0.057493
-0.058454
-0.019337
-0.039463
0.075198
-0.039924
0.076761
-0.001663
0.072253
-0.099480
-0.065673
-0.167003
0.099934
-0.062409
-0.008264
-0.015761
0.090514
0.024183
-0.079896
0.071284
0.021988
-0.057038
0.039158
0.064364
0.066329
0.026506
0.069755
-0.042143
0.149217
0.071206
-0.121689
0.018027
0.063150
0.037725
0.020247
0.043946
-0.018583
-0.051812
-0.129065
-0.007946
-0.011137
-0.062900
0.029714
0.050983
0.032270
0.123910
0.040115
-0.110094
0.017160
0.039097
-0.002308
0.021892
0.070165
-0.035817
0.001301
-0.018662
0.003545
-0.016539
0.363468
0.034787
0.068657
-0.009530
0.000432
0.002525
-0.062372
0.011720
-0.048532
0.018148
-0.022415
-0.013958
-0.038529
0.002930
0.092783
0.014611
0.013551
0.004895
0.071240
-0.058251
0.032514
0.008522
0.099813
-0.111409
-0.000018
-0.075072
0.154508
-0.056487
-0.030149
0.022832
0.069006
0.079078
0.071714
0.046285
-0.038385
0.107675
0.033495
0.053028
-0.053837
-0.015440
-0.126548
0.011754
-0.065085
-0.106151
-0.041048
0.041238
-0.008049
0.025604
-0.068035
-0.042081
0.045524
-0.017366
0.067093
-0.129290
0.004443
-0.052571
-0.057357
0.065242
-0.041359
0.062126
0.029516
-0.007680
-0.049012
0.033267
0.014426
-0.046446
0.101219
0.050211
0.122944
-0.065354
0.036275
0.003671
-0.060753
-0.000705
0.021064
0.035119
-0.102652
0.088147
0.079432
0.019875
0.037054
-0.074849
-0.082572
0.026499
0.024478
0.076144
0.010385
0.016549
-0.017610
-0.044706
0.046503
0.021328
0.008562
0.094071
0.032051
0.090288
-0.087793
0.031746
0.060847
0.040776
-0.041753
0.077566
-0.032890
0.044455
-0.001586
0.050548
0.013792
0.035386
0.182389
0.119481
-0.183731
-0.107077
-0.077355
-0.038893
0.068771
-0.064778
-0.013931
0.005240
0.076917
0.050256
0.053914
-0.083519
-0.149161
0.128328
-0.033642
-0.061444
0.035107
0.013799
0.015251
-0.061811
-0.002167
0.013852
0.029529
-0.017997
-0.029943
0.098149
0.162412
0.035198
-0.092637
-0.011972
-0.040531
0.044844
0.000868
-0.172516
-0.099290
0.031656
0.013777
-0.085501
0.031747
0.069314
-0.076436
0.071313
0.014037
0.035717
-0.007347
0.031682
0.039111
0.251469
0.067258
0.111766
0.139496
-0.024653
-0.037170
-0.006372
0.023271
0.045619
0.135724
-0.044037
-0.019385
0.014787
0.122879
-0.065857
0.145811
0.099192
0.030873
-0.047741
-0.131912
-0.005801
-0.013741
-0.041027
-0.024502
0.068363
0.011211
-0.094760
0.067125
-0.055418
-0.100098
0.035371
-0.102120
0.170247
0.015530
0.080885
0.047213
0.080666
-0.089121
-0.047847
-0.031497
-0.024809
0.053548
-0.064431
-0.033933
0.034312
0.010653
-0.099986
0.076881
-0.039993
0.046375
-0.156197
0.032695
0.028971
0.181919
0.076714
-0.095020
0.037902
-0.064673
-0.016688
-0.041270
-0.055296
0.017446
0.022397
-0.000294
-0.026482
-0.070186
0.063749
0.010574
-0.042570
-0.054488
0.007024
0.021072
0.081817
0.037772
0.042300
-0.063397
-0.070348
-0.004169
-0.042576
-0.013167
-0.112890
-0.103426
-0.004455
0.064103
-0.026790
0.051445
0.016258
-0.032618
0.057199
-0.044177
0.048321
-0.062362
-0.106818
0.009504
0.028965
-0.021752
0.024838
0.040230
-0.118162
0.091579
0.014178
0.063543
0.097858
-0.038382
0.027149
0.074396
0.062515
0.022805
0.038168
-0.085994
0.057436
-0.147669
-0.078667
0.057913
-0.033534
0.000866
0.006406
-0.086266
-0.043540
0.050365
0.121723
-0.020093
0.031397
0.073786
-0.026336
-0.068871
-0.063172
0.054781
-0.059559
0.050975
0.008413
0.015513
0.197233
-0.007098
0.091323
-0.066541
-0.040368
0.082041
-0.033633
0.024216
-0.061788
0.054556
0.067513
0.151808
-0.053246
0.024991
0.024456
-0.066941
-0.080895
0.083632
0.070266
0.105638
-0.058551
-0.063607
0.052881
0.026099
0.033752
0.026859
0.697299
-0.012055
-0.066087
0.052760
0.022178
0.069102
-0.092705
0.066112
0.097550
-0.110316
-0.024877
-0.029764
-0.070935
0.061129
-0.001123
0.070444
0.156734
-0.014035
-0.085978
0.005866
0.057340
0.040828
-0.003274
0.041312
-0.064585
0.039054
-0.042813
-0.026555
-0.031436
0.078565
-0.024367
0.076283
0.073151
0.044259
0.069548
0.069321
-0.207448
0.036000
-0.044406
0.114468
-0.103775
-0.040155
-0.056069
-0.059848
0.038058
-0.015788
-0.040786
0.141738
0.003011
0.025882
0.035935
0.124228
0.035900
-0.079427
-0.023153
-0.045683
-0.076705
-0.106799
0.084377
-0.100376
0.030523
0.043452
0.111154
-0.109817
-0.027306
0.096175
0.220608
-0.084118
-0.053658
-0.171780
0.166856
0.046890
0.034049
0.072328
-0.127133
0.061443
0.116340
-0.069519
-0.049728
-0.068696
-0.015365
0.074985
0.156334
0.107832
-0.010848
-0.093137
0.024931
0.020685
0.077022
0.094587
-0.086859
0.064912
0.049801
-0.001358
-0.005192
0.068658
0.024041
0.071761
-0.064005
0.061940
0.198728
-0.055083
-0.046225
0.029504
0.092929
0.024209
0.101380
0.002910
-0.019248
0.019466
0.183557
-0.012103
0.009543
-0.034006
0.127661
0.112442
0.092878
-0.114733
0.061977
-0.045522
-0.079375
-0.001718
-0.011934
0.133892
0.061102
0.116866
0.072544
0.089762
-0.022621
0.085751
-0.016796
0.046405
0.094001
0.003618
0.132465
-0.065303
0.047200
0.076086
-0.008555
-0.096195
-0.028216
-0.116666
0.069706
0.043966
0.046093
-0.155887
0.025046
0.055427
-0.005951
-0.003790
-0.081683
0.051739
0.068191
0.000059
0.035454
-0.124872
-0.050391
0.000750
0.009066
-0.035629
-0.034183
-0.101011
-0.070747
0.008560
0.004127
-0.055210
-0.064708
-0.082892
0.065848
-0.044152
-0.050678
-0.040426
0.017867
0.108025
-0.099787
-0.030877
0.038227
0.090845
0.058158
-0.015011
0.020885
0.095719
0.037857
-0.036900
0.068557
-0.021234
0.072778
0.001426
-0.112861
-0.065681
0.040152
-0.117531
-0.057236
0.068559
-0.125190
0.011346
0.029241
0.087712
-0.052542
0.034277
0.015134
0.314946
0.017834
0.097185
0.061125
0.053246
-0.044283
-0.055470
0.069258
0.118045
0.052409
-0.010768
0.040153
0.106341
0.110398
-0.000925
-0.110524
-0.114525
0.064756
-0.100311
-0.088201
0.022673
0.056574
0.040020
0.098843
0.008414
0.027074
0.031431
0.153489
-0.047062
-0.060261
-0.098281
0.028065
0.068312
0.025183
-0.065820
0.027337
-0.098532
-0.054455
0.139996
0.022426
-0.166730
-0.007366
0.089608
-0.154011
0.073886
0.068513
0.062467
-0.098036
0.100060
0.069955
0.054530
-0.020191
0.066416
-0.019545
-0.044945
-0.083629
0.027134
0.028478
-0.016776
-0.050336
-0.085387
-0.029978
0.042491
0.056144
0.032841
0.272810
0.167750
0.154284
0.062750
-0.059534
0.000104
-0.081206
0.008701
-0.030985
-0.088346
0.062708
0.037468
0.001700
-0.144498
0.020930
0.094779
-0.044688
0.156832
0.093869
0.064365
-0.068668
-0.055970
0.035569
-0.027945
-0.082738
-0.060080
-0.024288
0.041616
0.031466
0.025150
0.054962
-0.036347
0.041000
0.071761
0.057708
0.031264
-0.070973
0.135710
0.452963
0.078411
0.089877
-0.055048
0.010978
0.033036
0.166623
-0.046334
-0.000850
-0.185761
0.050951
0.016362
0.058297
0.011167
0.051920
-0.049356
-0.021271
0.027401
0.144255
0.068711
-0.025836
0.210206
0.060975
-0.054187
0.081188
0.101714
-0.095009
-0.038287
0.072461
0.004357
-0.017462
-0.040378
-0.042948
-0.040607
-0.054973
0.086341
-0.003424
0.012902
-0.049210
-0.061540
0.076404
0.083969
-0.106777
0.027638
-0.135028
0.260406
-0.077964
0.020067
0.072208
0.051503
0.117353
0.044492
-0.086622
0.002786
0.032747
0.033267
-0.207098
-0.043335
0.073185
0.060833
0.086300
-0.139525
-0.094201
-0.103388
0.053794
0.067462
0.019059
0.041832
-0.000466
0.095513
-0.054249
-0.076542
-0.043809
0.050756
0.086311
0.064521
-0.055281
-0.050469
-0.055885
-0.071987
-0.111213
0.049073
-0.022226
0.013258
-0.092065
0.024433
0.090353
0.177289
0.034699
-0.062841
0.099259
-0.001397
0.036054
-0.032203
-0.039106
-0.034065
0.086316
-0.021855
-0.124145
0.046078
-0.005070
-0.066892
0.029326
-0.125191
0.187202
-0.019017
-0.063345
0.025453
0.009808
-0.126316
0.004083
0.032934
-0.065446
0.090246
0.043282
0.056916
0.151811
0.045867
0.064375
-0.070617
-0.017556
0.030509
-0.070746
0.047239
-0.048258
0.056518
-0.024598
0.046907
0.016772
0.006019
0.053200
0.207023
0.014059
0.036376
0.085706
0.382886
-0.067554
0.092921
0.023641
-0.075732
0.075459
0.091249
-0.083604
-0.137343
-0.049591
0.032911
-0.049265
0.066581
0.104986
0.052773
-0.000741
-0.005066
0.082745
-0.059242
0.024161
0.013034
0.124622
0.066988
0.028859
0.011537
0.096584
0.080216
-0.020899
0.064330
-0.034122
0.117767
0.047091
0.049578
-0.004931
0.015588
0.036477
0.088400
-0.085841
-0.003620
0.124690
-0.023838
0.068988
0.058206
0.018319
-0.030486
-0.010173
0.079347
0.112963
-0.104637
0.063848
0.057160
0.028486
0.074637
-0.026809
0.070882
0.331291
0.087828
0.058645
-0.069349
0.121702
0.034219
0.098476
0.026163
-0.011526
0.082201
-0.016246
-0.120083
0.087673
0.055657
0.169341
0.062459
0.023142
-0.074580
-0.008724
0.070834
-0.014901
0.008081
0.056866
0.207542
0.120033
-0.138228
0.155051
-0.052287
0.054821
0.039614
0.039294
0.042271
0.114490
-0.021584
0.032161
-0.178421
0.092339
0.017636
-0.017693
0.044209
0.046107
0.123914
-0.185405
0.004217
-0.171211
0.064169
-0.006457
0.014810
-0.010164
0.029213
0.045503
-0.025803
0.061997
0.101902
0.050661
0.075128
-0.040070
0.000184
0.093653
-0.041639
-0.095260
-0.154620
0.119556
-0.004228
0.008251
-0.118083
-0.084896
0.012947
0.029707
-0.076657
-0.185617
-0.051824
0.059573
0.084174
0.000196
0.051139
-0.017763
0.056171
0.155659
-0.065352
0.032628
0.009829
-0.012913
0.348333
0.110507
0.094497
0.190713
0.058516
-0.002960
-0.004570
0.074093
0.078807
0.589617
-0.093186
0.089871
-0.082838
0.213821
-0.012389
-0.055415
0.036252
-0.042567
0.066041
-0.048606
0.063320
-0.055580
-0.090239
0.036513
-0.050218
0.121505
-0.039160
-0.043583
0.055256
-0.021302
-0.058433
0.003300
0.062759
-0.210451
-0.042387
-0.018448
-0.077779
0.080200
0.042508
0.036190
0.041719
0.091379
-0.099220
-0.001694
0.097002
-0.032497
0.071178
-0.034490
-0.088672
0.078691
0.022937
0.151132
0.053119
-0.066568
0.028115
-0.117154
0.037587
0.083151
0.089196
-0.077013
0.028598
0.007478
-0.008728
0.080148
-0.069896
0.129905
-0.028571
0.053480
-0.073143
0.074507
0.042176
-0.018659
0.098579
0.157329
0.082654
0.079552
0.017303
0.070275
0.091510
-0.025459
-0.094192
0.073734
-0.087588
0.089520
0.096344
-0.029810
0.053726
-0.003008
0.187805
0.399976
0.064673
0.017053
-0.042100
-0.092626
0.060839
0.043352
0.002932
-0.072461
0.019275
0.014759
0.080929
-0.019701
0.050527
-0.029270
0.071703
-0.003266
0.035794
-0.113075
-0.100838
-0.074262
-0.001116
0.081661
0.039516
0.120362
0.015446
0.077404
0.032346
0.048608
0.036732
0.039121
0.111639
-0.070039
0.094307
-0.017662
-0.004529
0.062503
0.073039
0.095616
-0.076606
-0.065479
0.012320
0.056464
-0.038748
0.060474
-0.021122
0.062410
0.041354
0.094458
0.028250
0.015490
-0.007387
0.062260
-0.016890
0.007720
-0.041516
-0.126539
-0.076931
0.288915
-0.002072
0.078857
0.109073
-0.168461
-0.092559
0.156999
0.052841
0.233611
0.121853
-0.060758
0.094639
0.061471
-0.048831
-0.238623
-0.049568
-0.068553
0.082996
-0.014573
-0.064406
0.090671
-0.054777
0.082763
0.033538
0.020214
-0.007768
-0.009951
0.199184
0.024117
-0.006992
0.094195
-0.034993
0.017666
-0.031945
0.117338
-0.017687
0.015909
-0.164528
-0.033643
-0.037627
-0.074019
-0.037308
0.064098
-0.065157
0.124461
0.022879
0.192840
0.069361
-0.010969
0.019606
0.000187
0.043459
-0.062039
-0.068984
-0.029544
0.010228
0.070068
-0.026274
-0.044077
-0.032767
-0.061255
-0.050012
-0.035483
0.060780
-0.070652
0.065773
-0.041376
0.059369
-0.083244
0.054731
-0.057016
-0.067155
0.027237
-0.064772
0.034806
-0.163300
0.091735
-0.099437
0.117098
-0.009367
0.011161
-0.062509
0.012748
0.020567
0.060200
0.326456
-0.065636
0.109766
0.029144
0.159772
0.050418
0.077051
-0.058742
-0.010663
0.107571
-0.046306
0.039811
0.046392
-0.069539
-0.065341
0.014593
-0.030086
-0.019386
-0.076118
0.053565
0.070337
0.007960
0.048877
-0.048759
-0.004559
-0.036621
-0.008648
0.033613
-0.011016
0.054032
-0.108334
0.052175
0.001442
0.039960
-0.019976
0.069598
0.012585
0.078568
0.088759
0.538962
0.025478
-0.004426
0.005395
-0.079364
0.007390
-0.177276
-0.035287
0.060542
0.065192
-0.162232
0.066856
0.003764
0.017390
-0.013777
0.289920
0.076218
0.057321
-0.014463
0.024798
-0.012001
0.093823
0.136122
0.036652
0.010409
-0.042875
-0.039263
-0.037186
0.003685
-0.015929
0.045965
0.050471
-0.034959
-0.127600
-0.053618
0.066074
-0.098237
0.055798
0.099128
0.053309
0.059968
0.054711
0.014502
0.020542
-0.020822
0.115199
0.064431
-0.041305
0.055177
0.020836
0.057914
0.221430
0.033767
0.131480
0.255324
0.006579
0.027181
0.070743
-0.014222
-0.060969
0.053468
0.040645
0.037175
0.043719
0.021362
-0.037411
0.021566
-0.054897
-0.024191
0.097833
-0.037417
0.083783
0.070057
0.031717
0.067981
0.025728
-0.071573
0.011952
-0.025582
0.072123
0.018978
-0.100392
0.080097
0.020327
0.010536
-0.095038
0.052979
0.092597
0.005476
0.016522
0.026766
0.039010
0.104583
0.090219
0.053591
0.052182
-0.016265
0.032952
0.075147
0.020991
-0.044404
0.044593
0.140472
-0.093386
0.049626
-0.027265
-0.022407
-0.048047
-0.035423
0.044383
0.068391
0.034167
0.024217
-0.069324
-0.002171
-0.048728
0.036932
0.017599
-0.102728
0.016476
-0.034437
-0.038789
0.044940
-0.024978
0.067679
0.030376
0.036212
0.040002
-0.045813
0.023258
-0.030991
0.058832
0.115200
0.017322
0.025052
0.037285
0.016151
-0.051018
-0.137214
0.182019
0.069522
-0.014231
-0.022505
-0.042041
0.037693
0.072620
0.004211
0.106522
0.054396
0.026013
-0.016409
0.021056
-0.009124
-0.072803
0.064966
-0.107693
-0.047437
0.054321
0.032852
-0.024046
0.066882
0.076383
-0.056415
0.152108
-0.009741
-0.037176
0.089915
0.036454
0.082945
0.024149
0.066119
0.037205
-0.065361
0.025229
-0.065193
0.022126
-0.037444
-0.115516
0.104663
-0.106035
0.037145
0.083470
0.030450
0.052635
-0.066321
0.072883
-0.065107
-0.011043
-0.044045
0.024227
-0.023050
-0.069632
0.081403
0.075191
0.046941
0.014836
-0.041610
-0.055083
-0.065701
-0.061730
-0.082263
0.020423
-0.027573
0.036510
0.032966
0.030230
0.018019
-0.056709
0.017528
0.094522
-0.093129
0.000260
0.044260
-0.000195
-0.115938
0.121123
-0.067482
-0.169934
0.141487
0.025884
0.040386
0.074250
-0.058240
-0.011910
0.032246
0.036529
0.043788
0.050327
-0.016336
-0.002540
-0.022516
-0.054948
0.056918
0.170400
-0.196530
-0.003199
0.027052
-0.064722
-0.099722
-0.114014
-0.078380
-0.015465
0.062385
0.041683
0.055362
-0.035244
0.014534
0.142426
-0.011020
0.092834
0.097834
-0.137821
0.014659
0.115089
-0.045274
0.015171
0.328346
-0.003546
0.093855
-0.057647
-0.020852
0.053429
-0.041116
-0.007066
-0.103287
0.150188
0.034364
0.025636
0.093458
0.029370
-0.002695
0.007838
0.015620
0.026405
0.063203
0.001950
0.036068
-0.016739
0.054978
0.089027
-0.036211
0.011549
-0.089273
-0.046967
-0.163002
0.007479
-0.003575
-0.006394
-0.055042
0.054638
-0.051229
-0.117703
0.045469
-0.024288
0.037024
0.059157
0.076039
0.205122
-0.048270
-0.029837
0.075151
-0.042487
0.103526
0.082475
-0.048002
-0.015903
-0.038074
0.082212
0.053402
-0.105593
-0.009287
-0.083341
0.010489
0.006723
-0.143112
0.010674
-0.063377
-0.105642
0.027097
0.100639
-0.099975
0.019569
0.043904
0.070463
0.048548
0.042647
0.016749
-0.082120
0.093838
0.049646
0.026829
-0.073158
0.046200
-0.069142
0.105765
0.084749
-0.071767
0.004734
0.096197
0.215810
0.079419
0.069907
0.042500
-0.093728
0.042395
0.058605
0.017091
-0.007203
-0.078753
0.056428
0.021259
0.093008
-0.174583
-0.150632
-0.084373
-0.110425
0.042938
-0.032169
-0.107327
-0.164238
0.065566
-0.041446
-0.085566
0.076117
0.074187
0.044765
0.025253
-0.136817
-0.046320
0.043128
0.062099
0.073375
0.092446
-0.014089
-0.060123
0.047823
0.025322
-0.097902
-0.018071
0.034381
0.005580
0.090781
-0.072816
0.017731
0.026198
-0.013195
-0.063696
0.097039
0.061351
0.071060
0.018845
0.014975
0.050048
0.028987
0.058046
-0.126811
0.067618
0.033157
0.038514
-0.134761
-0.003199
-0.087324
0.032634
-0.043207
-0.050260
-0.050687
-0.033555
0.022321
0.214366
-0.061526
0.125133
-0.021083
0.057989
0.091855
0.027213
0.076504
-0.210160
0.071797
-0.033246
0.005983
-0.130304
-0.093566
0.027152
0.044397
-0.000817
-0.021190
-0.089810
0.067059
0.087224
0.059732
0.041385
-0.096881
-0.098577
0.050873
0.039579
-0.009982
0.026973
0.016017
-0.083282
0.079870
0.092187
0.093606
-0.106176
-0.021070
-0.075102
-0.008126
-0.056080
-0.004972
-0.066137
-0.048635
0.020935
-0.130315
0.094490
-0.082727
-0.086414
0.027804
-0.042703
0.015203
-0.049684
0.015304
0.075359
-0.031606
-0.116694
0.082910
0.038572
-0.027744
0.065807
0.011873
0.090030
0.071905
0.050194
0.099824
-0.025524
0.149382
-0.081928
-0.101659
-0.181966
-0.044853
-0.012450
-0.005322
-0.051748
-0.077613
-0.074958
0.057174
0.014155
0.089129
0.005048
0.049805
0.079305
-0.091824
0.017695
-0.096125
0.037907
-0.017554
0.073324
-0.028042
-0.083438
-0.061652
0.082379
-0.086650
-0.022527
-0.087124
0.040746
0.030150
0.002798
-0.072795
-0.047148
-0.069170
0.084397
0.066777
-0.107574
-0.083761
-0.010879
0.100472
0.052603
0.081152
-0.008637
-0.053373
0.019808
0.088581
0.063282
0.055349
0.040542
-0.086747
0.051513
-0.051943
-0.055622
-0.084158
0.079927
0.004223
0.029476
-0.047105
0.095352
-0.106635
0.064132
-0.038669
0.085094
0.037730
-0.142277
-0.104418
0.034879
0.063772
-0.054122
0.042705
0.033952
-0.084707
0.079556
-0.036750
-0.100801
0.063997
0.051361
0.023222
0.026988
0.009418
-0.015146
-0.113101
0.064983
0.084134
-0.000637
0.089416
-0.055396
-0.079573
0.084805
-0.022962
0.077163
-0.000532
0.041805
-0.020136
0.043981
0.101780
-0.041588
-0.026110
-0.027416
0.064872
0.022631
0.035060
0.042403
0.064921
0.069458
-0.036601
-0.010612
-0.135655
0.048824
0.081272
-0.054265
0.012934
-0.002043
-0.142830
0.249835
-0.086513
-0.022163
-0.008900
0.113936
0.059201
0.033766
0.027341
0.080503
0.052773
0.124475
-0.061610
0.030950
-0.097276
0.003590
-0.153229
-0.020433
-0.023720
0.015084
0.065749
-0.048310
0.004110
-0.024701
-0.032095
0.013043
0.095467
-0.132123
0.025143
0.003364
-0.059788
0.041135
-0.019422
-0.176910
-0.003650
0.050195
-0.086777
0.068044
-0.061401
-0.064182
-0.076396
-0.007564
0.029352
0.189996
-0.075316
-0.158118
0.026705
-0.030833
-0.097592
0.090446
0.090747
-0.151223
0.016290
-0.147822
0.060130
-0.035324
-0.097664
-0.122941
0.091071
0.038923
0.042981
-0.017880
-0.094613
0.034518
0.082350
-0.051370
0.065034
-0.125871
0.007245
-0.161775
-0.095058
-0.019108
-0.074217
-0.084611
0.042681
-0.013159
-0.055887
0.041635
-0.012696
-0.077911
-0.097319
-0.064971
0.083358
-0.014991
0.065391
-0.104426
0.007071
0.057224
-0.042670
0.055711
0.038899
0.034195
-0.036361
0.004802
0.017513
-0.077416
-0.238738
0.009094
-0.046515
-0.058923
0.022062
0.035879
-0.002281
0.116595
-0.009786
0.121047
-0.084466
0.064145
-0.024668
-0.026861
0.068165
0.131023
0.154653
0.002679
0.038791
-0.034939
0.034774
-0.063710
-0.020949
-0.040546
0.006586
0.001033
-0.073051
0.012356
0.040109
-0.075997
0.050216
0.078059
0.028152
0.074606
0.093280
-0.032582
0.004171
-0.139666
0.089904
-0.001137
0.128406
0.021891
0.026091
-0.062442
0.104718
0.126405
-0.025906
-0.008848
-0.080394
0.071692
0.078635
0.095235
0.112446
-0.130676
0.112324
0.076977
0.000707
0.023030
0.001876
-0.005008
-0.018046
0.024737
-0.063756
-0.012720
-0.025261
0.053614
-0.019917
-0.000464
0.026472
0.019830
-0.024067
0.043455
0.038254
0.054474
-0.061669
-0.138008
0.060603
0.014444
0.069389
-0.042679
-0.029714
-0.017166
-0.058618
-0.000317
0.064992
0.020207
-0.014648
0.006422
0.024832
0.773304
0.097757
-0.047464
-0.039817
-0.105389
0.376377
0.010380
0.178819
0.136648
0.083648
0.083418
-0.048325
0.081938
0.073779
-0.060786
0.034277
0.012868
-0.061292
-0.006011
-0.114776
0.041939
0.057262
0.088090
0.030618
-0.008256
-0.026691
0.073071
0.056977
0.012390
0.022725
0.059497
0.029924
-0.064953
0.005346
-0.039506
-0.091694
0.051531
-0.037989
-0.034402
-0.056274
-0.126629
-0.060020
0.033409
-0.063355
0.062890
-0.091700
-0.014410
0.018380
0.023842
-0.028985
0.096119
0.080316
-0.029763
-0.022148
0.056905
-0.005121
0.062770
0.124197
-0.069417
-0.106563
0.498505
-0.021472
-0.008861
-0.183707
0.092176
0.039314
0.092138
-0.065717
0.008765
-0.084110
0.018956
0.089553
-0.041696
0.060814
-0.092863
0.238250
-0.138745
0.051632
0.047431
-0.034468
-0.020756
-0.004164
0.087287
0.063462
-0.085534
0.071669
0.047527
0.035519
0.036385
0.013347
-0.116706
-0.032908
-0.030927
-0.016404
-0.037794
0.071190
0.046847
0.055706
-0.108549
-0.067497
-0.002569
-0.077494
-0.002938
0.079027
-0.095264
0.093057
0.143312
0.038218
-0.005623
-0.079712
0.029783
0.019407
-0.022893
-0.109396
0.026545
-0.057345
0.067212
-0.077193
0.062172
0.019290
-0.046858
-0.120630
0.151495
-0.039957
-0.038518
-0.110031
0.006505
0.056738
-0.040688
0.040750
-0.039255
-0.047044
0.089881
-0.018038
0.039072
-0.025743
-0.021171
0.023483
0.041921
0.064786
-0.035568
0.036444
0.047521
0.082379
0.049599
0.088368
0.115280
0.014793
-0.036911
0.110908
-0.053273
-0.059097
-0.035826
-0.048038
0.078691
-0.049199
0.031805
-0.022921
0.060580
0.059412
0.076692
0.113575
0.090987
-0.095479
0.046630
0.037712
0.101368
0.035736
0.118427
-0.064379
-0.101083
0.109458
0.117454
0.027834
-0.007840
-0.043461
-0.114979
0.087903
-0.116162
-0.093854
0.038850
0.060741
-0.002788
0.010406
0.032741
-0.042169
-0.102084
0.104288
0.031135
0.025132
-0.080725
0.082877
0.049779
0.101685
0.158925
-0.071652
-0.092247
0.012635
-0.061600
0.042792
-0.091103
0.023967
0.228650
-0.027488
0.124553
-0.008181
0.091299
0.021395
0.096343
0.118538
-0.067138
-0.050926
0.012460
-0.061923
0.041356
0.106895
-0.155157
0.033697
-0.068719
0.045636
0.149732
-0.066342
0.060299
-0.075505
0.027286
-0.089001
-0.032532
0.057930
-0.002848
-0.070103
0.440581
-0.029084
0.149153
0.064309
-0.016922
-0.115537
-0.025741
0.011636
-0.015800
-0.050533
0.028707
0.070879
0.069464
0.022708
-0.033151
-0.015390
-0.038202
-0.010631
0.003657
-0.113075
-0.027646
0.011607
-0.015125
0.129956
-0.042160
-0.081429
0.112858
0.028513
0.048229
0.139741
-0.124396
0.066489
-0.068737
-0.031405
0.123643
-0.068214
0.070787
0.038163
-0.020128
0.075854
-0.096325
0.008487
0.018477
0.044887
0.076414
0.010882
0.137113
-0.109598
0.115671
-0.166918
0.027474
-0.194195
0.010151
-0.099902
0.006208
-0.065674
-0.010474
-0.013336
0.181897
-0.083201
-0.076252
-0.043452
-0.070260
0.090258
-0.121235
-0.116817
0.022243
-0.034516
0.089722
0.108303
-0.072666
0.128595
-0.079777
0.016477
-0.131969
-0.036607
0.052427
0.044231
0.026668
-0.057914
0.106379
0.107982
-0.047316
0.094046
0.021529
-0.009496
-0.005601
0.106243
0.031211
0.046148
-0.036319
0.026447
0.047579
-0.102014
0.037113
0.055464
0.016191
0.061564
-0.034534
-0.016721
-0.085714
0.066772
0.284567
-0.049682
0.176040
0.075367
0.071231
0.009641
0.045272
0.017542
0.027146
0.093117
0.091933
0.029373
0.014122
0.119707
0.054771
0.125148
-0.094366
-0.081301
0.083301
0.021241
-0.028955
0.132240
0.108678
0.039529
0.027787
-0.049620
0.085628
0.021345
-0.113960
0.080936
0.012127
0.026145
-0.076243
0.084806
-0.154484
-0.088877
0.068266
0.037928
-0.103847
0.083362
0.046539
0.038904
-0.100190
0.090824
-0.031523
0.076811
0.015217
-0.038138
0.039881
-0.089581
-0.029837
-0.117465
-0.083302
-0.049918
0.054309
0.003607
-0.046095
-0.109308
0.034972
0.053497
0.085443
0.086776
-0.021559
-0.101364
0.049664
0.053453
0.094511
-0.048237
0.081858
-0.090560
-0.090756
0.001193
-0.078806
-0.021670
-0.077998
0.101880
-0.031490
0.056720
-0.011268
0.047475
0.131223
-0.025863
-0.077068
0.078320
0.120055
0.155810
0.061834
0.036570
-0.105206
0.016216
-0.028427
0.006776
0.051901
-0.118022
0.078330
0.129074
0.006300
0.028504
0.035217
0.067633
0.227050
0.147432
0.006688
0.055589
0.155981
0.049695
-0.061325
-0.091051
0.050952
-0.139295
-0.013931
0.032917
0.020715
0.063851
0.135733
0.014396
-0.025559
0.057815
0.076078
0.012785
0.070163
-0.042188
0.004328
0.092851
0.100707
0.090303
-0.030171
-0.115829
0.041016
-0.042540
0.011574
0.031401
0.076846
-0.148914
0.099325
0.044051
0.006405
-0.091593
0.037366
-0.006074
0.033471
-0.119962
0.072440
0.006454
0.000463
-0.069126
0.004957
-0.027806
-0.094363
0.009637
-0.009498
0.038764
0.023049
-0.036765
0.095324
-0.030475
-0.044347
0.109673
-0.067948
0.028279
-0.177633
0.030238
0.128568
0.067504
0.011555
-0.051655
-0.005906
0.083733
0.076295
0.120923
0.080041
0.048163
0.050007
-0.049261
0.001378
0.049889
-0.011359
0.068455
-0.032984
-0.003022
0.206027
0.058652
0.041886
0.065069
0.049104
0.011744
0.103456
-0.014575
0.067480
0.005468
-0.000425
0.050212
-0.093554
-0.145885
-0.010404
-0.008340
0.046705
0.659858
-0.020492
-0.048237
-0.018273
0.040131
-0.082562
0.066320
0.059216
-0.067099
0.082919
-0.058517
0.028531
0.006371
0.051772
-0.041764
-0.078154
0.127539
0.095581
-0.059957
-0.136867
-0.072244
0.013252
0.087489
0.084795
-0.030200
0.113701
-0.156148
0.039209
-0.039146
0.182536
0.070517
-0.034168
0.048550
-0.012396
0.073622
-0.130345
0.085976
-0.024089
-0.077322
0.492189
0.105204
-0.020608
-0.084964
0.105499
-0.024373
0.056328
-0.009038
0.171044
-0.131992
-0.057716
0.116361
-0.134031
-0.005226
0.071160
0.087945
0.181596
0.037241
-0.061646
0.112565
-0.020020
-0.015006
0.090880
-0.020403
0.065572
0.061644
-0.110198
-0.024219
-0.087401
0.029831
0.001206
-0.065095
-0.039383
-0.068706
0.007047
-0.012725
-0.044207
-0.037129
0.024959
0.032309
0.064432
0.074797
-0.072619
-0.037378
-0.094785
-0.043116
-0.097018
0.021355
0.081616
-0.021356
0.053611
-0.030868
-0.122702
-0.056409
0.079694
-0.010680
0.090915
0.087553
0.071311
0.001672
0.070681
0.005564
0.082908
0.035758
0.052730
-0.087481
-0.003745
0.017524
0.087374
0.055805
-0.024663
0.000823
-0.034964
-0.016476
0.059462
0.030113
-0.103543
-0.066468
0.036351
0.007834
0.022011
0.043489
0.022085
-0.003626
-0.087182
0.017566
-0.004209
0.030529
-0.029333
0.049678
-0.080085
0.121377
0.144913
0.043457
0.078820
0.048365
0.051598
-0.000086
0.029990
0.081995
-0.102092
-0.100994
0.241771
0.136464
-0.036730
0.140190
0.035004
0.128348
-0.017907
-0.008140
0.035367
-0.002573
0.111932
0.030150
-0.096295
-0.028108
-0.014592
-0.001114
0.059506
-0.040651
0.071251
0.085951
0.048617
0.024793
-0.166584
-0.011756
0.042811
-0.021390
0.000128
0.118427
-0.046763
-0.030474
0.073167
-0.033087
0.003558
-0.094443
-0.084154
0.060568
0.060348
-0.017116
0.084877
0.098054
0.083934
0.055704
-0.091967
0.066192
-0.054309
0.004362
0.050250
0.058283
-0.073615
0.102187
0.011629
0.126929
-0.070572
0.018007
0.056138
0.118191
-0.028029
0.058708
-0.065392
-0.075214
0.132155
0.015319
-0.035977
0.060239
0.058959
0.062790
-0.072835
0.028330
0.020824
-0.013877
-0.038247
0.000260
0.063266
0.114194
0.048489
0.005227
0.015776
0.093707
0.043224
0.068278
0.006428
0.090489
0.017529
-0.072534
0.094202
0.079710
-0.004291
-0.097379
0.108379
-0.000725
-0.008105
0.053496
0.102678
0.003220
0.100084
0.130384
-0.016064
-0.056021
-0.073667
0.077412
-0.026362
-0.151040
-0.048836
-0.069657
-0.022791
0.071923
-0.050214
-0.077062
-0.004287
-0.013032
0.084952
0.016220
-0.006245
-0.010220
0.052624
-0.032801
-0.087212
-0.025920
0.014619
-0.012546
0.071204
0.075384
0.017113
0.083095
-0.099319
0.040500
-0.010158
-0.006180
0.045208
0.091371
0.005334
-0.069000
-0.121714
0.140296
-0.075977
0.035636
0.053567
-0.057181
0.007126
0.013748
0.503870
0.017841
-0.030470
-0.088508
-0.048283
0.056109
0.066634
0.022561
-0.068040
0.184214
0.034117
-0.129305
0.031681
0.030308
-0.002162
-0.118701
-0.086458
0.076127
0.035863
-0.074163
0.016536
-0.106262
0.019767
0.104553
-0.122801
0.037633
-0.010461
0.280475
0.088880
0.100398
-0.020787
0.000328
-0.034993
-0.091632
-0.009361
-0.120908
0.001299
0.016263
-0.016967
-0.068815
-0.134206
0.045918
-0.129961
0.050181
-0.011027
0.034701
-0.053521
0.069653
0.210203
0.020971
-0.009710
-0.031458
0.077692
0.015853
-0.013130
0.075840
-0.043292
-0.074799
0.011803
0.020346
-0.125228
0.021670
0.082987
0.235497
-0.042647
0.121092
0.015881
0.045510
-0.040450
0.062999
-0.015077
-0.057317
0.063449
0.110559
0.032188
0.018669
0.117844
0.050753
0.050949
0.038867
0.087684
0.024659
-0.064354
-0.029249
0.006135
-0.063532
-0.008062
0.085252
0.039417
0.086177
-0.026080
0.087640
0.002338
-0.034103
0.044872
0.053881
-0.060974
-0.033167
-0.019530
0.053903
0.066435
0.088960
-0.044929
-0.036669
0.088069
-0.059931
0.031835
-0.101929
0.131317
0.045600
0.064231
-0.072839
-0.020886
-0.056949
0.119146
-0.016640
-0.103238
0.133968
-0.007034
-0.086904
0.116986
0.068552
-0.017934
0.057540
0.042835
0.026171
0.021648
-0.113803
-0.068993
-0.062331
0.021398
-0.104297
0.084764
0.021368
0.072103
0.012054
-0.061143
-0.050528
0.080872
0.059513
-0.061694
0.035962
0.038876
0.093209
-0.023164
0.077551
0.118227
0.027707
-0.018312
0.166328
-0.100295
-0.022238
0.012637
0.072096
0.075552
0.084897
-0.033862
0.099296
0.018522
-0.063760
0.053839
-0.104971
0.083909
0.058071
-0.010473
-0.124480
0.102873
0.100386
0.324242
0.088676
0.048703
0.077154
-0.013287
0.088208
0.072618
-0.078133
0.092807
-0.017357
-0.026689
0.069492
0.082049
0.213604
-0.024646
0.070479
-0.002076
0.040051
0.073117
0.067465
0.190441
0.062767
0.046844
-0.083328
0.080196
-0.091899
-0.112375
-0.019646
0.092269
0.123332
0.039528
0.082488
0.044820
0.036918
-0.019406
0.041017
0.006967
-0.081439
-0.002104
-0.092577
-0.006934
-0.059734
-0.083440
0.001323
0.080448
0.180285
-0.020016
-0.072613
0.275279
0.047351
-0.032666
-0.017059
0.064704
0.047273
0.052163
0.068076
-0.131016
0.064217
0.072050
-0.120012
-0.109225
0.073519
-0.064199
-0.039319
0.076277
0.084677
-0.215454
0.048392
0.084735
-0.107019
-0.042806
-0.027463
0.018761
0.040230
0.006835
0.003784
0.158926
0.038764
-0.036470
-0.128619
-0.003431
0.041460
0.063016
0.090401
0.012847
0.036666
-0.021651
0.082434
-0.003046
-0.056135
0.070360
0.011473
0.008957
0.049873
0.049419
0.407303
-0.087186
0.063028
-0.043223
0.021246
0.027826
0.104443
-0.019052
0.055326
0.118995
-0.017109
-0.029237
0.170608
0.016509
-0.029570
0.037748
0.063554
-0.062949
0.074099
-0.071110
0.063613
0.022757
0.114338
-0.100075
0.090595
0.040199
-0.194294
0.070299
-0.089641
0.036312
-0.057154
-0.167791
0.038778
0.125368
-0.092914
0.057606
-0.105863
0.054899
-0.017911
-0.106265
0.038802
0.292555
0.281502
0.068893
-0.048592
-0.000097
0.092372
0.044286
-0.071854
0.048809
-0.083915
0.004764
-0.036244
-0.023873
0.099761
-0.026202
-0.089242
-0.174353
-0.070554
0.071317
-0.013828
-0.121669
0.016378
0.178566
0.100548
-0.147002
0.060962
0.061314
-0.020138
-0.076557
0.027495
-0.095266
0.119303
0.043252
-0.035762
0.131328
0.140195
0.088692
0.036180
-0.062087
0.086876
0.034070
0.016389
-0.080802
0.032471
-0.128882
-0.110054
-0.021573
0.111723
0.104312
0.083371
0.062143
0.213024
-0.041065
0.035631
0.097983
0.079237
0.071729
0.275808
-0.004182
0.067667
-0.127557
0.067787
-0.144294
0.033384
0.122590
0.005888
-0.030705
0.289477
-0.107951
-0.112092
0.077998
-0.124059
-0.031798
0.116081
-0.027760
0.064070
-0.005098
-0.032823
0.114864
-0.037668
0.061442
0.061923
-0.044039
0.028581
0.012439
0.076912
-0.070310
0.078442
-0.203093
-0.133855
0.075857
-0.078836
0.004559
-0.054048
0.050818
0.072364
-0.069457
0.054545
-0.035385
0.004781
0.050968
0.055729
0.100959
0.050695
0.070709
0.081454
0.098939
-0.013641
0.067084
0.076466
0.021862
-0.161658
0.066762
0.103312
0.014557
-0.073374
0.046394
-0.005816
0.006248
0.143027
0.022436
-0.014391
-0.052287
0.006523
0.106399
-0.010959
-0.143777
0.030464
0.132583
-0.001937
-0.014606
0.056194
-0.066642
-0.049250
0.076794
0.036625
-0.021173
0.018380
0.021764
0.002477
-0.092391
0.017336
0.032579
0.065909
0.105363
0.066176
0.051035
0.041776
0.014181
-0.003932
0.030924
0.081925
0.040596
0.140328
0.039798
-0.072794
0.006324
0.084952
0.134656
-0.043198
-0.055997
-0.065688
0.007690
0.032002
-0.034701
0.198357
-0.009862
-0.062328
-0.013379
-0.046639
0.041314
-0.210403
-0.105756
0.016330
0.000647
-0.091786
0.002722
-0.022874
-0.085475
0.046589
0.011241
0.066814
0.027621
-0.030900
0.121930
0.016943
-0.001563
-0.001788
0.060376
0.053224
0.054321
-0.065449
0.081725
0.045337
0.003191
0.078665
0.062265
-0.016647
-0.079016
-0.032104
-0.022416
0.056666
0.065637
0.049526
0.001717
0.127511
0.020127
0.095609
-0.026839
0.083771
-0.103252
-0.040933
-0.077835
0.008001
-0.074802
-0.081892
0.027220
0.000174
0.052245
0.047894
0.050093
0.111721
0.124691
0.100672
-0.016503
-0.123327
-0.001332
0.053843
0.065826
0.013910
-0.044484
-0.076104
-0.113309
-0.101786
-0.104815
0.025901
0.105755
0.017878
0.099552
0.046355
-0.024208
0.073538
-0.069677
0.010329
-0.024536
0.093917
0.034958
0.086237
0.109348
-0.008630
0.013358
0.060751
0.006605
-0.000702
-0.034485
0.028007
-0.069526
0.038578
-0.107693
0.182889
-0.180574
0.008336
-0.008693
-0.075464
-0.021697
-0.042587
0.040883
0.030986
-0.015384
-0.092744
0.180841
0.180880
0.013171
0.112820
0.050960
0.079476
-0.127901
-0.028736
-0.091587
-0.102011
0.065319
-0.134997
0.040461
0.049696
0.003987
-0.014812
0.029519
-0.014018
0.065426
-0.108505
0.066561
0.118409
-0.023191
-0.121321
-0.063324
-0.091544
0.019470
0.123366
0.096025
-0.101428
-0.011236
0.019703
0.020175
0.020154
-0.098151
0.715438
0.026919
0.064075
0.006868
-0.047473
0.097712
-0.112024
-0.023729
-0.002970
-0.001632
-0.137962
0.075244
-0.072004
0.098324
0.090491
0.059230
0.033246
-0.033908
0.080893
0.009664
0.062985
-0.098806
0.026267
0.065312
0.059003
0.161496
0.011588
-0.125926
0.019367
0.016781
0.092896
0.064206
0.026916
0.044845
0.129458
0.062169
-0.088425
0.020729
-0.058672
0.035141
0.177021
0.093727
0.088573
-0.084099
0.177252
0.059629
-0.118484
0.034938
0.026903
-0.026453
0.065006
0.106847
-0.036697
-0.012837
-0.069450
-0.112243
-0.041563
0.070269
0.179918
0.024394
-0.019888
0.090242
-0.021904
0.170921
0.085039
-0.015122
0.212520
-0.004346
-0.087797
-0.041257
-0.121140
-0.014961
-0.005170
-0.023551
-0.021122
0.053776
0.103324
0.099295
-0.004459
0.101177
-0.037130
-0.125176
-0.043117
0.084194
0.147018
-0.052529
-0.110251
-0.040998
-0.019276
0.013946
-0.039695
-0.114132
-0.105630
0.061337
-0.007167
-0.032541
-0.044202
-0.010222
-0.035378
-0.030050
-0.133370
0.153259
-0.068834
0.066853
0.011686
-0.051381
-0.075035
-0.072773
0.143618
0.018050
0.096872
-0.060696
0.097003
-0.036484
0.070804
0.090484
0.025096
-0.062202
0.077694
0.050952
0.091593
0.044437
0.001206
0.090605
0.105165
0.087559
-0.047068
0.013534
0.056522
0.021455
-0.067251
0.084931
0.080744
0.041695
-0.086481
0.026701
0.048063
-0.030735
0.079098
-0.001030
0.100368
-0.042642
-0.128219
0.050276
-0.131088
0.167352
0.052367
0.049938
-0.053855
0.043006
0.056439
0.031937
-0.015157
0.023906
-0.207163
0.065227
0.019876
0.061015
-0.073308
-0.125235
-0.145946
0.031332
-0.034365
-0.045185
0.004008
0.023069
0.062812
0.046919
0.103013
0.071022
0.070146
0.048524
0.064776
-0.052538
-0.004137
0.007768
0.136598
0.025571
-0.108528
-0.104943
-0.095077
0.044789
0.077061
-0.099147
0.068423
0.025330
-0.066006
0.061653
0.078716
0.125392
0.153668
0.035662
0.052588
-0.028699
-0.059414
-0.136754
-0.022946
-0.058501
0.046301
0.089267
0.038247
0.008778
-0.022342
0.067208
-0.084335
-0.021420
-0.066953
-0.094125
0.094129
-0.099816
-0.098489
-0.077417
-0.050788
-0.065661
-0.102894
-0.022643
-0.041170
-0.057251
-0.040271
0.007220
0.040503
-0.025403
-0.055205
-0.024254
-0.041171
-0.111261
-0.036825
-0.016888
-0.005435
0.121272
-0.073087
0.015796
0.016334
0.068364
-0.006330
0.097977
0.035088
-0.011470
0.048742
0.005951
-0.030628
-0.001680
-0.010543
0.046757
0.158952
0.124999
0.028017
-0.110800
0.021628
0.075451
0.019173
0.063172
-0.062143
0.114537
-0.089586
0.091964
0.028338
-0.048350
0.012410
0.063890
-0.017188
-0.003181
0.122456
-0.148507
0.023394
0.087829
0.038655
0.051742
-0.043013
0.046621
-0.019121
0.040292
-0.062532
0.057625
-0.102780
0.046197
0.039388
-0.034638
0.040961
0.067487
0.052688
0.019466
0.073910
0.084810
-0.097167
0.040213
0.040157
0.002207
-0.015863
-0.035042
0.067757
-0.082140
0.461829
0.016293
-0.044169
0.044450
0.152918
-0.048656
-0.025663
0.024731
0.003401
-0.029212
-0.052515
-0.027511
-0.006160
0.153343
0.136380
0.040687
-0.026563
-0.003024
-0.035473
0.066575
-0.028718
-0.038786
-0.128340
0.064085
-0.017059
-0.119751
0.062579
0.013784
0.006079
-0.033838
0.082663
0.071771
-0.065600
-0.006957
-0.012342
0.023657
-0.082442
-0.033058
0.007214
0.055680
0.075307
0.080191
0.017511
-0.094200
-0.009134
-0.018259
-0.131888
0.092702
-0.082441
0.029814
-0.062699
0.018101
0.064454
0.034177
-0.039822
-0.083653
0.110544
-0.081354
0.005214
-0.033784
0.113944
0.008314
-0.127903
-0.010149
-0.066562
-0.001455
0.043468
-0.216374
-0.119858
0.000575
0.259642
-0.067754
0.121627
0.016363
0.074702
0.124512
-0.000431
0.185988
0.109228
-0.009188
-0.093390
0.078811
-0.035053
0.083407
0.156018
0.018048
0.083050
-0.024046
0.088629
-0.115008
-0.023370
0.035364
0.140223
0.111305
0.042444
0.046435
0.062646
0.055586
-0.008590
-0.046584
0.145844
-0.043614
0.094620
-0.046352
0.056608
-0.069071
0.074457
-0.028869
-0.127209
-0.130961
0.073275
0.009141
-0.117871
-0.005110
-0.004402
-0.008603
0.022275
0.019735
-0.032157
0.045603
0.093933
0.106327
0.025360
-0.091538
0.003905
0.097666
0.000001
0.023748
0.048184
0.053358
-0.050003
-0.066261
-0.061966
0.034724
-0.091411
0.035946
0.012758
0.035266
-0.013267
0.131193
0.038789
0.035285
-0.014451
-0.011242
-0.123812
0.008678
0.037156
-0.051367
-0.028549
-0.056794
0.018472
0.049169
-0.009167
0.010947
0.038927
0.076396
-0.084281
-0.040986
-0.131664
0.107065
0.091275
0.051594
-0.092379
-0.059725
-0.073247
0.149824
-0.073858
0.042829
0.072959
-0.162033
-0.027539
0.041371
0.133704
-0.031146
0.527689
0.064736
-0.064567
0.109446
0.039488
0.016974
0.070082
0.065073
0.048665
0.042486
0.084728
-0.077228
-0.158921
0.002040
-0.020102
0.065352
0.046648
0.027766
-0.059281
-0.102412
0.060673
0.011863
0.019470
-0.076396
-0.068015
-0.085205
0.021709
0.058346
0.011434
-0.155777
0.014543
0.000263
-0.030147
0.068349
0.077176
-0.019536
-0.051659
0.021996
0.048405
-0.039653
0.064135
-0.082957
0.013225
0.062832
0.031441
0.082701
-0.016091
-0.029890
-0.027693
0.033206
0.013983
0.000058
0.054312
0.083381
0.328319
0.181646
0.066703
-0.098666
-0.095191
0.044426
0.065783
0.022333
-0.001969
0.062087
0.079566
0.098072
0.065734
-0.171465
-0.142335
0.024083
0.096374
0.045452
-0.063716
-0.011850
0.028878
-0.008628
0.009734
-0.058258
0.044440
-0.027938
0.110652
0.022268
0.042936
0.005190
0.008623
-0.083945
0.042289
0.071964
-0.010935
0.125031
-0.063519
-0.154159
0.010041
-0.137080
0.040947
0.113781
-0.068289
0.050731
0.056099
0.225296
-0.014430
-0.051165
0.075837
0.046677
0.100493
-0.084429
0.106243
-0.159002
-0.026126
-0.033125
0.044466
-0.017501
-0.087741
-0.101124
-0.071720
-0.086470
0.063655
-0.070884
0.013293
0.027028
0.032085
0.050310
-0.040307
0.024488
0.015515
-0.096451
-0.043626
0.121191
-0.038163
-0.030189
0.011554
-0.073764
-0.146503
0.130682
0.025898
0.112265
0.092593
0.018302
-0.024117
0.001227
0.167079
-0.025836
0.087034
-0.074510
-0.002926
-0.082298
-0.061484
0.074134
0.061047
0.034776
-0.000857
0.086759
0.086149
-0.027078
0.039890
0.120195
0.068202
-0.031631
0.063888
-0.078825
-0.078875
-0.012714
0.035488
0.003915
0.141600
0.330323
0.104290
-0.071155
0.012563
0.030454
-0.023405
-0.025254
0.088802
0.122092
-0.000884
0.062162
-0.039538
0.003427
-0.078147
-0.110618
0.026063
-0.030969
-0.008701
-0.103543
0.066752
0.021316
0.083685
0.182729
0.088240
0.128754
0.035520
-0.022209
0.278706
-0.042790
-0.001832
0.008469
0.055361
-0.082131
-0.002055
0.080015
-0.041899
-0.003470
0.008853
0.094661
-0.180400
-0.154800
0.091873
0.073918
-0.044286
0.054203
0.053758
-0.074890
-0.011065
-0.039400
-0.077472
-0.084143
0.049163
-0.078284
-0.035943
0.059796
0.033860
0.021947
0.048554
-0.037170
0.045189
0.073550
0.139352
0.044865
0.118231
0.080889
0.083345
