0.009594328701
0.189888477325
0.011789167300
-0.896817266941
0.196083694696
1.478630542755
-0.036688484251
-0.138488933444
-0.070478558540
0.717410326004
-0.163788288832
-0.360162734985
0.014640267938
-0.712813973427
-0.161693304777
-0.059829432517
-0.914623439312
0.059858839959
0.224269196391
-0.133414641023
-0.515829622746
-0.441136032343
0.017132161185
-0.881104648113
-0.171826899052
-0.354988962412
-0.152536064386
-0.168648287654
0.483017861843
-0.025459803641
0.158415734768
0.486986726522
0.499308496714
-0.361363321543
-0.194706216455
-0.057078622282
-0.578869998455
1.743923664093
-0.602928876877
-0.560866713524
0.382327228785
-0.146137833595
0.204075440764
0.356786638498
1.785364747047
-0.469655722380
-0.406037688255
0.074335604906
-0.227312147617
-0.210937052965
-0.110470689833
0.490768730640
-0.606909096241
-0.138662189245
0.073252171278
0.436035752296
0.383154243231
-0.171995356679
-1.330572485924
0.023485755548
-0.432775884867
0.969705462456
-0.478318899870
0.583795428276
0.215232610703
-0.096755258739
1.346121907234
-0.332951545715
-0.919291853905
0.212207674980
-0.027918588370
-0.159126624465
-0.375104844570
0.207377418876
0.202556043863
0.255257904530
0.120677039027
-0.635026097298
0.084347568452
0.626035690308
0.390873521566
0.402424424887
-1.039198279381
0.028295932338
0.415820062160
-0.282322436571
0.020954987034
0.109612077475
-0.311889529228
0.906098604202
-0.130205899477
-0.385897457600
-0.277164727449
-0.725763082504
-0.309084773064
-0.142591089010
-0.225129634142
0.425204396248
-0.357568830252
0.346253186464
-0.040526788682
-0.149887964129
0.293130904436
-0.103793695569
1.105953335762
0.073814906180
2.956782579422
-0.124764971435
-0.064114630222
-0.379222065210
-0.012678747065
-0.017227200791
0.833997309208
-0.465364873409
0.453494369984
-0.602779984474
0.291140586138
0.034404687583
1.286403656006
0.386394053698
-0.467637240887
-0.073056541383
0.152620822191
-0.188837751746
0.050246618688
0.631139516830
-0.231580376625
0.142464697361
