1.033178806305
0.748548328876
1.611945271492
0.948885738850
1.703594207764
0.981264591217
1.502541303635
0.887211441994
1.886247515678
0.907393336296
1.061084985733
1.086017012596
0.918973863125
0.899481773376
1.216651439667
2.016289710999
1.716426968575
0.810096740723
1.019984483719
0.960355818272
1.053550839424
1.600293397903
0.937038362026
1.746243715286
0.985077798367
0.872427821159
1.056024432182
1.393973350525
1.206720948219
1.315899133682
0.926163136959
1.022866606712
0.968246638775
0.800728142262
0.753200411797
0.922738254070
0.762505173683
1.613536119461
2.033231019974
0.726399719715
1.250283360481
1.322713494301
2.259015798569
1.257149219513
1.055339932442
0.883512973785
0.838496088982
1.351275801659
1.546613216400
2.120237827301
1.880969643593
1.524181723595
1.062775254250
1.235200881958
0.882879078388
1.466860413551
0.935015499592
0.737613022327
1.213276863098
0.958790183067
0.829353034496
1.749928236008
0.898904621601
2.034620523453
0.684101998806
0.940485954285
1.282387018204
0.917599797249
0.817706346512
1.305586576462
0.816615879536
1.214860558510
0.981210708618
1.386636257172
1.290463566780
0.803566396236
1.329655766487
0.877477049828
1.485572576523
0.945878207684
1.884721875191
2.017973184586
1.299659609795
1.183877229691
2.795336723328
0.918476521969
1.584270238876
0.885169506073
1.297753095627
1.117607831955
1.562553048134
0.838059723377
1.045973896980
0.818890392780
0.868661403656
1.110827445984
0.900036633015
0.991636455059
1.343267917633
1.651661872864
0.916022121906
0.836897671223
2.778537273407
0.882633328438
1.512566804886
1.238100171089
1.272325634956
0.699021875858
1.068707227707
1.812986373901
0.961520791054
1.003712296486
0.897723317146
0.706189453602
1.073239564896
1.097535490990
1.182319521904
1.071421027184
1.132536888123
1.717210412025
1.366626024246
0.937230646610
1.205398797989
1.171580195427
1.301563024521
1.387132525444
1.127238988876
0.864925324917
