-0.656431853771
-0.521489918232
-0.026326708496
0.942471742630
-0.446639627218
-0.502460300922
-0.223271891475
-0.720221519470
-0.184816285968
0.722999036312
-0.910395860672
-0.290223866701
0.156420052052
-0.450190186501
-1.558609485626
0.123742319643
0.261535197496
-0.644115328789
-0.357345968485
-0.186305806041
-0.466775089502
0.560880780220
1.658362030983
-1.888872623444
-0.360105365515
-0.507850289345
-0.000102641556
-1.322940230370
-1.412538647652
0.025304166600
0.430295348167
1.763011336327
-0.244605317712
-1.210968852043
-0.500708758831
-0.163076549768
-0.820731997490
-0.169724911451
-0.405187249184
-0.686316728592
-1.101185679436
-0.135594725609
-0.331232815981
0.667826592922
-0.421778976917
-0.661693871021
-0.160540997982
1.530239701271
1.823401093483
-1.324509739876
0.662498295307
-0.712107956409
-0.635091364384
0.470855385065
-0.338419467211
-0.164721414447
-1.114938378334
-1.055325746536
-0.412564903498
-1.019950389862
1.528666377068
-0.980961382389
0.301722347736
0.350403159857
0.095971189439
0.318349123001
0.843306541443
-0.537940144539
-0.513149440289
-0.172419264913
-0.621639966965
0.195137873292
-0.729167282581
-0.379948496819
-0.453678846359
0.052960906178
0.287845253944
-1.186607241631
-0.624884665012
-1.050420999527
0.724708497524
-1.494545817375
-0.531923532486
-0.984437167645
-0.778235197067
0.128308087587
0.542567968369
-0.596540033817
0.459932595491
-1.131826639175
-0.108618386090
-0.870346367359
-0.163717225194
0.039261184633
-1.068829417229
0.539012670517
0.000502263429
-0.609248578548
-0.737044274807
-1.032545924187
-0.262118339539
-0.729747474194
-0.456153452396
-0.389853864908
-0.471974909306
-0.220618322492
-0.534940958023
0.285691887140
-0.100119799376
-1.209102749825
-0.141186207533
0.261543899775
-0.060916572809
-0.026761354879
-0.130972549319
-0.437496840954
0.992104947567
-0.807157039642
1.108707785606
-1.040631771088
-0.293754160404
-0.401946872473
0.698019802570
-0.462230294943
-0.330905020237
0.153355300426
-1.049719095230
0.281391054392
