-0.491010665894
0.118361122906
1.662195563316
-0.720312058926
0.144196331501
-0.582331895828
0.496069520712
1.051549673080
0.821498632431
-0.716233968735
-1.090320706367
-1.556025862694
1.967865705490
-0.214795947075
1.428483724594
-0.940456628799
-0.057872440666
1.520380973816
-0.656272888184
-1.053296208382
-1.896726965904
-0.589804053307
-1.260085821152
-2.180542469025
-1.483220696449
0.182650640607
-0.550071001053
0.977301895618
-0.956676185131
0.047755293548
-1.098393082619
-0.318574011326
-1.022607326508
0.304382413626
-1.846025228500
-1.034832239151
-1.374897718430
-0.710669875145
1.186536669731
-0.866629481316
2.239626407623
1.598339796066
1.735844969749
0.144738882780
0.954976081848
0.988711237907
0.118056915700
-1.355234384537
-0.140077248216
0.774814307690
-0.134452566504
-0.738566875458
-1.474738001823
-1.920508503914
1.979892730713
0.000163011820
0.778410851955
1.663961529732
0.767121970654
0.006698092446
-0.164320588112
1.474496603012
0.081819623709
-0.455630779266
2.288157701492
1.631497263908
1.627483725548
2.042150020599
0.119135268033
-1.286962985992
-1.490955471992
1.457627773285
-1.783049106598
0.630892992020
0.568601429462
1.544990777969
0.546154618263
0.668361902237
-0.673455536366
1.964401483536
0.585047960281
2.446366310120
0.345977902412
-0.083383366466
1.231181502342
1.289643049240
0.566461205482
2.085642814636
-0.323961347342
0.859321594238
-1.756216883659
-1.447455286980
0.432499647141
0.724174201488
-0.565747976303
0.003814293072
-0.058589968830
1.431137204170
-0.704880177975
1.323005676270
-0.671585679054
-1.574802398682
-1.366716504097
1.031487941742
1.381868481636
-1.643893837929
-0.412651151419
0.818626344204
-0.435948222876
0.364200800657
-0.983687758446
1.941387414932
0.885543107986
1.029033541679
-2.215080976486
1.127244114876
-1.640468239784
-1.259037971497
-1.379787921906
1.364245533943
1.652749896049
0.287459820509
0.285664439201
1.710369110107
1.460502386093
-0.362398624420
-0.069621130824
-0.051871329546
-0.828766584396
-1.423913121223
1.672076582909
-0.404703885317
-1.619851946831
1.162038803101
1.050975322723
0.229206040502
-0.834992229939
-1.259718894958
-1.283149003983
-0.589311063290
-0.637926220894
-0.647091627121
-1.308571219444
-1.029643297195
0.108733192086
1.172124862671
0.441014200449
0.734244406223
0.258630722761
0.993112504482
1.737526535988
1.806471943855
-1.356533169746
-1.336525440216
0.210829362273
1.310896754265
2.227188348770
1.087526559830
1.624137997627
-1.515602350235
1.158985853195
1.130142211914
-1.325399518013
-0.000092118258
-0.519239962101
0.866247951984
-1.616049051285
-0.835850834846
-1.092568278313
-1.153610587120
-0.125599280000
-1.561935186386
1.299335837364
-0.184025928378
-0.648171722889
1.104136586189
-2.010367870331
1.583549141884
-0.424294948578
-1.507658958435
-1.189336657524
-1.158898591995
-0.656416237354
1.478985548019
1.561030864716
2.201878309250
-2.000605106354
1.047117590904
0.489545464516
-1.791767120361
1.160859465599
-0.947285532951
1.267871975899
-0.129329502583
-1.567305684090
0.943844377995
1.592346549034
1.147269725800
1.820271372795
-0.661660015583
1.543314576149
-0.836495280266
-0.494745045900
1.597948908806
-1.681800365448
-1.863205194473
0.509441792965
-0.813624382019
0.585483253002
-0.786597132683
-0.220385134220
-1.102578163147
1.628150105476
-1.490160942078
-0.707519650459
0.346343964338
1.410978913307
-0.552857935429
-1.048667430878
2.007966041565
-1.852845191956
-0.559817552567
0.952793955803
1.852520227432
1.485018134117
1.263518810272
-1.061951637268
1.094593405724
-0.824721157551
0.489692002535
1.110548615456
1.091677069664
-1.227583289146
-1.341180086136
0.494306355715
1.054601430893
1.289148807526
-0.253345847130
-1.157233595848
1.393459081650
-1.782470345497
0.027541209012
0.279119700193
-0.005408371333
-0.849472939968
0.499447047710
1.716589927673
-0.225517645478
1.835518360138
-1.948658823967
0.645696997643
2.143997907639
0.624089181423
1.464436769485
0.000406160689
-0.740809798241
