-62.812545776367
36.870204925537
31.013427734375
2.214902639389
-22.698362350464
16.298212051392
-17.520574569702
-23.436954498291
16.397998809814
14.750345230103
-38.452274322510
9.378013610840
31.250320434570
8.745977401733
6.555055618286
10.303555488586
-23.927106857300
56.899761199951
-41.232002258301
-36.112609863281
-21.517049789429
16.514587402344
25.871524810791
-83.127265930176
-29.641925811768
-26.524406433105
-14.991312980652
14.858774185181
-11.591228485107
-23.958456039429
13.390403747559
13.328686714172
-28.958431243896
-18.097183227539
-13.680897712708
29.916719436646
-39.444721221924
24.717866897583
4.964514732361
7.028791904449
31.953433990479
-25.465000152588
-17.278463363647
-5.224273681641
39.989582061768
-2.291865825653
47.211109161377
0.525893330574
22.110254287720
70.308242797852
80.227478027344
69.123527526855
8.644927978516
-12.924275398254
-8.176155090332
44.151252746582
-40.810287475586
7.107164859772
-5.629961013794
19.994369506836
30.123708724976
22.270248413086
-1.519501924515
36.373126983643
168.681243896484
142.430847167969
80.930923461914
145.115768432617
17.012475967407
15.157939910889
-15.548449516296
-1.057308554649
-42.689140319824
9.714672088623
33.656364440918
4.343949794769
-10.635949134827
49.405548095703
27.322559356689
57.450260162354
23.001106262207
18.246807098389
-25.436395645142
-17.276752471924
0.378263056278
6.072072029114
-13.870846748352
8.948152542114
54.541515350342
-29.144596099854
-19.735643386841
6.093386650085
-12.170498847961
37.436878204346
-3.410864591599
2.918435096741
-13.282382011414
-10.762016296387
27.677608489990
32.996643066406
-12.206954002380
-25.015239715576
-29.503225326538
47.513462066650
23.319295883179
38.915519714355
-8.814061164856
-20.952611923218
42.034141540527
43.196563720703
5.085636615753
96.813537597656
78.232841491699
-10.131299018860
-24.015863418579
-15.192209243774
20.584257125854
-34.580455780029
-72.269767761230
34.383201599121
40.707744598389
-45.753128051758
21.792146682739
-35.721271514893
6.848015308380
9.939590454102
13.720593452454
0.837881565094
38.147949218750
2.343488693237
90.817085266113
-3.312663793564
-43.090774536133
60.233528137207
5.621597766876
9.534110069275
-52.187175750732
-15.856616020203
-33.003513336182
34.491527557373
-15.340647697449
13.235089302063
-66.150848388672
4.340573310852
-32.205982208252
-0.060469035059
25.292058944702
-58.139823913574
-36.195396423340
-3.836682558060
40.991226196289
-64.485816955566
-17.117519378662
-15.018997192383
59.021606445312
21.903682708740
3.308930158615
4.940054416656
78.312522888184
-6.605710029602
30.560682296753
-60.043209075928
-14.330893516541
42.053062438965
-0.287518590689
39.443546295166
-9.527869224548
-18.260189056396
-9.968955039978
-42.301837921143
-35.125865936279
-8.630211830139
42.122421264648
-60.801193237305
-103.354049682617
-37.979228973389
-46.544464111328
-10.278985023499
19.217178344727
-0.294456630945
-14.611944198608
-60.695232391357
13.841503143311
-75.579925537109
35.031223297119
17.311147689819
15.389678001404
3.479111909866
-4.972481250763
-1.872715592384
-3.269733905792
-73.704078674316
9.597920417786
15.155305862427
-34.708545684814
40.035446166992
33.495384216309
-4.524290561676
86.360290527344
13.427662849426
-27.181512832642
48.119277954102
4.651161193848
32.475547790527
-34.212150573730
-68.027946472168
11.080490112305
-23.350086212158
-28.176136016846
32.351799011230
6.212361335754
0.757850170135
2.603694438934
-56.085254669189
2.601920127869
2.957307815552
8.489510536194
31.027484893799
-41.876743316650
67.372962951660
-84.837203979492
-65.246032714844
-8.454798698425
38.293502807617
-69.735450744629
26.841585159302
2.573795795441
28.384359359741
-4.450937747955
-6.756644248962
-5.770557880402
14.041797637939
-12.659028053284
16.638483047485
7.566608905792
53.730747222900
36.524776458740
-25.735593795776
18.952594757080
-24.387548446655
-62.495418548584
49.046882629395
-20.659137725830
4.931460380554
0.287111133337
1.882338643074
66.880767822266
21.393442153931
16.761940002441
-51.381378173828
-19.686182022095
23.926746368408
-23.460983276367
-25.775848388672
-69.029304504395
-30.452974319458
