5810.673339843750
2237.203613281250
2954.028076171875
3097.391357421875
1669.903198242188
2296.533447265625
3784.406982421875
4149.187500000000
4766.160644531250
2883.356201171875
3242.335937500000
3198.359619140625
4197.582519531250
4121.519531250000
6539.350585937500
3775.374023437500
2905.159667968750
2691.398925781250
3357.060302734375
2509.462402343750
2809.507568359375
2844.896728515625
3916.462158203125
3053.170410156250
1784.558959960938
3325.093017578125
4171.786621093750
2264.835205078125
3412.849609375000
1539.387451171875
2288.451904296875
3118.343505859375
3408.777343750000
2732.008789062500
3950.509765625000
2019.441284179688
3486.191650390625
2384.926025390625
1942.721435546875
3480.672851562500
2494.146972656250
3044.620849609375
2699.183105468750
1537.604980468750
3149.962402343750
2908.389892578125
1956.321777343750
3128.400390625000
3294.417724609375
2838.305664062500
3166.905273437500
4212.577148437500
2757.290039062500
2785.005126953125
2461.284179687500
2844.328857421875
5549.724609375000
2852.844970703125
2490.058593750000
1584.286743164062
2142.668457031250
2692.404541015625
2481.248046875000
2289.993652343750
3496.090087890625
5154.422851562500
4261.539550781250
2858.213134765625
1736.800537109375
2779.271484375000
2727.332031250000
3098.940917968750
3123.204589843750
2504.627685546875
2109.272216796875
5223.143554687500
2307.716308593750
5175.834960937500
2818.634765625000
3763.910888671875
7128.237792968750
3802.263427734375
3623.503906250000
2570.947265625000
4842.310546875000
6181.614746093750
3719.969726562500
3065.104492187500
2890.166015625000
3281.987792968750
4222.308593750000
3336.220458984375
2797.698974609375
2650.368408203125
3264.637695312500
1690.304199218750
1334.756103515625
2707.251464843750
2893.366455078125
2420.661865234375
3599.762939453125
2480.587158203125
2823.632812500000
2480.486816406250
2531.153320312500
4868.335937500000
2879.073486328125
2969.243896484375
2059.754882812500
2552.716552734375
3508.233154296875
2104.200683593750
3495.819091796875
2487.015136718750
1818.828125000000
3344.584716796875
4704.657714843750
5694.075195312500
2578.283447265625
2409.788574218750
4248.260253906250
1685.071289062500
1408.270996093750
3220.567871093750
4416.045410156250
3125.530029296875
3159.520996093750
2881.532470703125
3312.371093750000
2284.094482421875
2592.948486328125
3095.713623046875
2187.600097656250
3429.448974609375
4271.848632812500
2476.123535156250
2321.716064453125
1780.605712890625
3374.799804687500
2773.988525390625
4325.877929687500
2292.348388671875
2422.640136718750
2917.446533203125
1432.212036132812
3873.346191406250
4363.613769531250
2780.292724609375
5869.095703125000
2592.575439453125
3592.816406250000
3060.008300781250
3998.786132812500
2754.401123046875
6152.786621093750
1582.783569335938
1857.372680664062
2274.954833984375
2833.722412109375
2918.067871093750
3345.540527343750
3126.943359375000
2845.695068359375
1960.815795898438
3360.474609375000
4008.685546875000
2943.814453125000
3141.960937500000
2789.356933593750
4649.921386718750
2008.503906250000
2366.351562500000
3513.239013671875
2169.972412109375
4230.313476562500
3900.844482421875
3930.425781250000
2091.503662109375
3694.955810546875
4229.328613281250
3357.772949218750
2177.909179687500
2753.637939453125
4184.744140625000
3148.815185546875
2055.264648437500
2490.475341796875
3780.429687500000
3472.804199218750
2123.489013671875
4754.435546875000
2711.342285156250
4025.598388671875
4460.678222656250
2965.252441406250
2608.311523437500
3026.645019531250
4579.102050781250
2813.240478515625
3292.243408203125
3440.733154296875
2682.574707031250
2864.410644531250
2905.717773437500
2656.919921875000
2931.405517578125
4716.127441406250
3478.791992187500
2943.629638671875
2614.984619140625
1629.231201171875
4614.902832031250
2918.721679687500
2861.924072265625
2853.341796875000
1634.084472656250
4512.919433593750
4088.535156250000
2405.039306640625
2055.405517578125
2507.230712890625
3425.381347656250
3602.279296875000
3616.280761718750
3467.040039062500
3530.708496093750
5180.475097656250
3030.654785156250
4273.804687500000
1486.860229492188
3759.965332031250
2887.529541015625
3047.235351562500
3005.007812500000
5224.421386718750
2398.198486328125
3063.831787109375
1492.397705078125
3293.725585937500
3078.771728515625
3876.223144531250
4660.359863281250
3038.506347656250
1391.073852539062
2435.865966796875
4443.824707031250
3644.749023437500
2390.433349609375
2601.496582031250
2954.825439453125
1986.694335937500
2187.838134765625
3675.448974609375
3128.679931640625
3979.608642578125
3546.704345703125
