6199.109863281250
6057.356445312500
11222.997070312500
5621.949707031250
4213.907714843750
6836.285644531250
6428.716796875000
7299.589355468750
12701.214843750000
4004.099121093750
10399.042968750000
8478.253906250000
6473.518554687500
9788.595703125000
7391.991699218750
5892.496093750000
5611.254882812500
4220.811035156250
5353.000488281250
8380.549804687500
5635.176757812500
5580.963378906250
4693.641601562500
4651.536132812500
8389.552734375000
10112.303710937500
6297.994628906250
6088.987792968750
4559.708007812500
5301.011718750000
7438.321289062500
6516.937988281250
5647.071289062500
9842.942382812500
5767.361816406250
8185.580566406250
12247.690429687500
5212.826660156250
7006.452148437500
6505.512695312500
7040.783203125000
5776.075683593750
5041.679199218750
8875.912109375000
5032.403320312500
7520.737304687500
6403.325683593750
11707.716796875000
5768.439941406250
9229.068359375000
6310.499511718750
5053.914062500000
6977.142089843750
6583.372558593750
5282.605468750000
8152.934082031250
4680.212890625000
4944.729980468750
7764.774902343750
7036.436523437500
5260.670898437500
7509.787109375000
7701.721191406250
6227.089355468750
5259.803710937500
5372.226562500000
5560.083496093750
7421.135742187500
6419.667968750000
7083.254882812500
6976.940917968750
4938.407226562500
4423.606933593750
9497.276367187500
4150.238281250000
4791.335449218750
7343.210449218750
10137.916015625000
9100.664062500000
6972.130859375000
6146.187988281250
8187.260253906250
6633.053222656250
5119.908691406250
5763.679199218750
5190.290527343750
6866.489746093750
10350.236328125000
14842.327148437500
7863.807617187500
8069.126464843750
4853.692871093750
6453.472167968750
9102.822265625000
7252.528808593750
9141.469726562500
4317.805175781250
6163.574218750000
6678.886718750000
4644.912109375000
4310.008789062500
4998.169433593750
8361.230468750000
6858.500976562500
5082.554199218750
13388.867187500000
9891.668945312500
6447.073242187500
9419.300781250000
7267.765625000000
7438.242187500000
8223.583984375000
6726.711914062500
5111.890136718750
5010.963378906250
5877.004394531250
8961.816406250000
5717.681152343750
6580.204589843750
6841.085937500000
7299.660156250000
4363.659179687500
13452.195312500000
7731.031738281250
8579.173828125000
9448.134765625000
5455.526367187500
4441.564941406250
5116.681640625000
6109.202148437500
8723.098632812500
4921.098632812500
7922.614257812500
6926.100097656250
6010.445800781250
7428.895507812500
5610.903320312500
12025.136718750000
7141.963378906250
5440.654785156250
6429.100097656250
7652.473144531250
5361.595703125000
13125.851562500000
7617.072265625000
5817.862792968750
6225.675292968750
7088.994628906250
6798.156738281250
6321.217285156250
17456.458984375000
5026.606445312500
3987.978515625000
7182.504394531250
8660.530273437500
6187.080078125000
10927.282226562500
7671.727539062500
5086.571289062500
6994.761718750000
9998.083984375000
11100.393554687500
6039.591308593750
6344.537109375000
5342.548828125000
5938.107910156250
9190.344726562500
7801.874023437500
5642.714843750000
7429.291503906250
5982.610351562500
6790.478027343750
13199.533203125000
10942.818359375000
5907.979980468750
5416.442382812500
7370.005371093750
6524.104980468750
8788.323242187500
6252.068847656250
5321.526367187500
5317.915039062500
5624.732421875000
4760.171386718750
9416.680664062500
7936.828125000000
6467.552734375000
6063.042968750000
5742.696777343750
6177.041015625000
7999.895996093750
5561.933593750000
5323.821777343750
12896.351562500000
6395.338867187500
12009.199218750000
12195.660156250000
9377.124023437500
6219.626953125000
9234.698242187500
6969.222167968750
3933.245849609375
5353.666015625000
6068.660156250000
4099.331542968750
5101.695800781250
5322.412109375000
5535.566894531250
4851.294921875000
7280.199218750000
7183.087890625000
9042.445312500000
9131.008789062500
5254.357421875000
6529.588378906250
7736.246582031250
11226.175781250000
7733.340332031250
5537.033203125000
6262.074707031250
4654.155761718750
5302.142578125000
5886.266601562500
7508.062988281250
8123.517578125000
11890.062500000000
6602.179687500000
3860.301513671875
5395.786132812500
5327.953613281250
6883.382324218750
6959.384765625000
5593.391601562500
6852.957031250000
9288.473632812500
4771.857910156250
5224.567871093750
8000.791503906250
8872.236328125000
5382.610351562500
14972.006835937500
5851.872558593750
8596.398437500000
4369.767578125000
11072.141601562500
8449.158203125000
7138.273437500000
4727.567871093750
7552.488281250000
6282.378417968750
6653.379394531250
6253.308593750000
6166.178710937500
8353.798828125000
4920.369628906250
4518.189941406250
