50.659133911133
52.977664947510
220.466766357422
79.604782104492
-45.686840057373
-10.974164962769
-16.501316070557
69.654953002930
102.490196228027
170.839920043945
231.213729858398
25.242015838623
-25.249828338623
-0.290003210306
10.987928390503
36.067695617676
20.771451950073
45.654338836670
37.266090393066
49.585411071777
-53.191589355469
-95.266769409180
83.208534240723
26.720222473145
67.547019958496
39.238586425781
51.780025482178
173.462249755859
-20.860435485840
-30.682891845703
3.354342699051
52.668167114258
59.902481079102
-77.260299682617
48.243755340576
-11.125072479248
83.606658935547
25.721633911133
-14.739760398865
120.190780639648
-46.383773803711
75.465103149414
121.231246948242
-50.596210479736
35.735763549805
59.137851715088
7.370668888092
74.299530029297
-3.320552110672
-5.245509624481
61.834697723389
-108.737648010254
6.414798736572
13.010709762573
2.807575941086
53.564617156982
127.343505859375
-36.517452239990
416.281433105469
-26.868337631226
53.874752044678
52.164684295654
23.691188812256
18.904546737671
-3.881874799728
44.701816558838
46.332267761230
40.751773834229
3.409276485443
4.548442840576
25.882034301758
-27.292705535889
117.646240234375
82.323127746582
9.873116493225
-25.279832839966
-47.186038970947
-31.257162094116
42.289688110352
35.609039306641
90.490158081055
95.204582214355
142.785354614258
-34.945037841797
80.406539916992
-35.323757171631
-55.993316650391
95.195053100586
11.977055549622
75.004310607910
-1.815195083618
10.541039466858
52.112617492676
23.535945892334
109.820266723633
108.917442321777
95.097892761230
-84.775604248047
59.476898193359
31.509952545166
-23.244886398315
35.805248260498
161.987655639648
-75.267471313477
-58.118713378906
257.133880615234
130.182952880859
72.173599243164
37.322441101074
22.821281433105
-57.793460845947
70.289535522461
-0.033991243690
63.099494934082
17.744945526123
-118.391876220703
-10.201446533203
55.132724761963
55.903373718262
38.790294647217
21.089513778687
32.536396026611
44.728462219238
19.026973724365
-38.522399902344
27.726936340332
-19.224163055420
4.311856746674
-37.874862670898
154.021972656250
88.258712768555
-2.926306009293
14.246510505676
77.718750000000
84.921127319336
15.687325477600
114.339546203613
140.227142333984
-82.837066650391
54.530292510986
4.382368564606
19.645563125610
-90.859046936035
116.476959228516
118.335731506348
6.404441356659
26.678775787354
48.529232025146
72.920272827148
57.722759246826
-32.946529388428
42.714294433594
-21.520881652832
7.499002933502
-28.403034210205
134.699569702148
0.360885709524
-56.227855682373
118.155982971191
75.067245483398
110.361068725586
49.336452484131
49.909130096436
-43.386024475098
-124.529632568359
-5.886705398560
79.603393554688
-12.899943351746
70.224754333496
62.582565307617
67.149360656738
101.735382080078
58.118087768555
37.732719421387
-67.158317565918
1.932162046432
67.239555358887
-52.671478271484
-14.955783843994
39.089515686035
-54.314762115479
-11.748018264771
41.619300842285
77.558486938477
108.015419006348
178.972244262695
-20.823524475098
14.192160606384
87.540786743164
24.551450729370
-63.201309204102
44.791145324707
103.456741333008
113.149353027344
-63.263561248779
57.198741912842
113.882057189941
-71.423606872559
106.581863403320
276.616394042969
77.318801879883
-14.929302215576
14.973950386047
-33.150135040283
0.704050719738
28.804832458496
-28.441560745239
-13.882739067078
47.039878845215
15.272247314453
84.444320678711
-27.974649429321
57.301952362061
-27.170862197876
14.017809867859
42.773590087891
101.015457153320
-10.978331565857
27.172580718994
27.733533859253
17.582622528076
50.651763916016
15.550152778625
118.440208435059
63.572334289551
30.103328704834
-61.499568939209
13.105511665344
-73.739982604980
28.199501037598
112.075210571289
116.268310546875
53.004623413086
36.995803833008
107.147659301758
26.821588516235
49.664417266846
12.443756103516
30.100704193115
-2.492748498917
464.476684570312
75.377464294434
9.917477607727
12.120317459106
27.513345718384
114.309707641602
32.657714843750
20.983064651489
32.424064636230
51.092395782471
137.590423583984
14.046983718872
94.948394775391
27.737630844116
27.865848541260
-1.542247891426
