1.198795557022
1.277600526810
-0.000094155170
0.933996438980
0.568293690681
1.183894753456
1.323912501335
1.199035882950
0.000070985028
0.795908868313
1.281038761139
1.153460621834
1.152486443520
1.537858724594
1.269060969353
1.204927325249
1.244387865067
1.197283148766
1.042100310326
1.534405708313
1.176722884178
1.442483186722
1.355845808983
1.252013921738
1.109632730484
1.114940285683
1.099870800972
1.296333789825
1.206105709076
1.019793272018
1.185614466667
1.304261803627
1.129526376724
1.626449227333
1.267605781555
1.352558851242
1.375702738762
1.085007309914
1.040992379189
0.923010885715
1.576317310333
1.292945027351
0.865929663181
1.213658690453
1.376090288162
1.363436698914
1.611960768700
-0.000019074176
1.137356877327
1.269034504890
1.353798627853
1.208857178688
1.318480968475
1.277128338814
1.302707672119
1.527675509453
1.009730100632
0.357693165541
1.378289103508
1.363620281219
1.138514280319
1.089082002640
1.591987729073
0.137880086899
1.173421859741
1.199695587158
1.321405410767
1.073843240738
1.073085546494
1.347564101219
1.023772120476
0.691261827946
0.215470820665
1.227864980698
1.239193916321
1.209410667419
1.356283068657
0.007706583943
1.363943457603
1.260849952698
1.265458822250
1.119634747505
1.119630217552
1.330261588097
1.325011014938
1.321788668633
1.393553614616
1.219168901443
0.056309275329
1.217004776001
1.387060642242
1.266102194786
1.332459568977
1.361493468285
1.583781838417
1.325469374657
0.800442099571
0.907836198807
1.224813580513
1.237241506577
1.191958308220
0.984261333942
1.048475742340
1.506455898285
1.097025036812
1.426812052727
1.256040215492
1.366257071495
1.208696007729
1.126932382584
1.350137591362
1.068549871445
1.413408041000
1.304097175598
1.153084754944
1.083891391754
1.366818070412
1.028179764748
1.413196563721
1.184932470322
1.170047879219
1.111159801483
1.427673935890
1.203662633896
1.175352096558
1.027661442757
1.228591322899
0.352572709322
1.201350331306
1.247721791267
1.306186437607
1.049685716629
1.463577628136
1.172937273979
1.270959854126
1.220541357994
1.287475943565
0.008060551248
1.197077035904
1.010288596153
1.421078324318
1.051695704460
1.252027630806
1.331055164337
1.291873335838
1.147921681404
1.405942320824
1.110966801643
1.243406057358
0.908382415771
-0.000022565320
0.595672369003
1.181349158287
1.155706048012
1.091461420059
1.508421778679
1.322140932083
1.266941666603
1.376657605171
1.284116029739
1.240291714668
1.499098300934
1.343865156174
1.118242383003
1.277711033821
1.250690937042
1.242817640305
1.245660424232
1.363008737564
1.061402201653
1.227019667625
1.016766905785
-0.000013201847
1.460137605667
1.105875730515
1.230062365532
1.526728153229
1.409022450447
1.388181567192
1.324858427048
1.081499695778
1.110367059708
1.195562481880
1.308255434036
1.210740327835
1.281750202179
1.168549299240
1.468895912170
1.260062336922
1.008011102676
1.417969226837
1.476760387421
0.950045526028
1.440816760063
1.302002072334
1.297745347023
1.424230217934
1.278377890587
1.254457950592
1.158052802086
1.051046609879
1.203820347786
1.157107591629
1.119938731194
0.919069051743
1.215107560158
1.345369219780
1.106918692589
1.122198581696
1.130934000015
1.128872275352
0.997157156467
1.218840360641
1.154873728752
1.462133169174
1.331784486771
1.119883179665
1.543676853180
1.304566860199
1.375163674355
1.246963500977
1.319714665413
1.130522489548
0.117687396705
1.137329816818
1.686372637749
1.345907568932
0.660434305668
1.247564077377
1.232977509499
1.101268291473
0.974579215050
1.049567580223
1.129060029984
1.179394721985
1.119966268539
1.102712512016
1.185392975807
1.514512300491
1.182553529739
1.639538764954
1.246881961823
1.259360551834
1.166453480721
0.001568512060
1.210070014000
1.133390069008
1.283157706261
1.157973170280
1.133329868317
1.177227616310
1.258297920227
1.302750349045
1.723525643349
1.093919515610
1.072571873665
