-1.374665737152
1.399354577065
0.471167683601
2.082601785660
1.953568339348
1.819629549980
-0.180137246847
1.398833394051
2.025260925293
-0.012292162515
1.794594526291
0.000017588669
0.026979913935
-1.921874642372
-1.185600996017
0.337194025517
1.294792294502
-1.509024739265
-1.423385143280
-0.155970349908
1.136594772339
-2.163907527924
-0.931068181992
1.817052721977
-0.240572988987
0.669394731522
-1.650601744652
1.423090696335
-0.979870438576
0.369985342026
-2.034097433090
-0.603176355362
-0.279406160116
-0.725214540958
-0.073739238083
1.401035070419
-0.618957400322
-1.594272732735
1.392879247665
-0.467937290668
0.379856377840
-2.357213973999
-0.514949738979
0.636753082275
-1.092878699303
1.099306821823
0.646825015545
-0.185679316521
1.265782833099
-0.700029075146
1.963964700699
-1.035381793976
-2.114764928818
-0.000102157006
-2.075993537903
2.060603380203
-0.062816061080
0.122339256108
1.397333264351
2.400080919266
2.243611097336
-1.569521665573
-1.629807472229
-2.119297981262
-0.356822460890
-1.614779114723
0.262253642082
-1.740901947021
1.373561620712
0.659766018391
1.533886313438
0.284156650305
0.858854413033
0.216995596886
-2.127777338028
1.349319934845
-0.544971346855
-0.860713183880
-0.093724779785
-1.001252412796
-0.209363967180
-0.589707255363
1.570497632027
1.651716113091
0.000407375424
0.054276730865
1.450917959213
1.171587467194
-0.335654854774
-1.649483084679
-1.079512715340
-0.757635772228
-0.131987884641
1.693967819214
-1.105597257614
-1.466149330139
2.244684219360
-1.376332640648
1.032789945602
-1.574591994286
-0.824399471283
0.198100239038
-1.274956345558
-1.489612817764
1.910741448402
-0.273391216993
-0.026878613979
1.260446548462
-1.004305720329
0.964507579803
-0.747186243534
-1.657529711723
-1.599856615067
1.478741168976
-1.597098588943
1.250126600266
-1.745015263557
-1.188225746155
0.716300904751
1.270453810692
1.912736415863
0.268573790789
-1.476483821869
1.596995830536
-1.737792491913
0.434740543365
-0.432619363070
1.485695838928
-1.759174942970
0.153474584222
-0.780187070370
-0.799885094166
-1.473226547241
-2.008484125137
-0.015133519657
-1.965074062347
-1.959247946739
1.572106480598
-1.134862184525
1.630500316620
-0.222201809287
-1.570053339005
-0.468846112490
0.130890965462
-1.239893913269
-0.549370467663
1.271438002586
1.542991399765
-0.000663635205
1.973012566566
1.030068993568
0.618108332157
1.866768598557
-1.371033310890
1.667032241821
1.845978856087
1.452828168869
-1.566668510437
-2.629921674728
-0.941087484360
-0.724084556103
-1.860884666443
1.622983336449
-0.933776319027
1.975201368332
-0.000138978707
1.464723825455
1.304171800613
-0.366839379072
0.073502868414
-0.939095735550
-0.843743920326
-0.705442309380
0.155729398131
-1.352582812309
-0.170150279999
0.700133502483
1.818446159363
1.574515104294
-1.645019531250
-1.391685605049
1.709742069244
-0.973634600639
-0.296325117350
-1.379579663277
-0.483280658722
1.425830006599
-1.144957661629
0.526859819889
1.839037299156
-1.792410373688
-0.880589604378
-0.773727715015
-0.416205197573
1.296049237251
2.283799886703
0.752929747105
-1.391080498695
1.640297293663
-1.216021656990
1.839058160782
-1.430424571037
-0.497729927301
1.833988070488
0.182559832931
-0.767886221409
-2.089536428452
0.862594425678
1.100629568100
1.046500444412
1.509206891060
0.817995309830
-0.766212761402
-0.697272539139
0.726130604744
1.740134239197
1.920714974403
2.040390491486
1.828375101089
-1.654266834259
-1.907894253731
0.074842579663
-0.045563157648
0.975298106670
-1.346195459366
0.264943629503
0.090298540890
1.608036756516
0.146698251367
-1.266137838364
-0.810750842094
-0.918439388275
0.108540192246
0.682850658894
-2.464206933975
0.775039792061
-0.118765324354
0.375054776669
-0.000220181959
-0.665677964687
-0.545652210712
-1.359963297844
2.002997875214
0.924960315228
-0.048966851085
0.934289932251
-1.871146678925
0.822423756123
1.371404409409
-1.696184635162
-0.268346279860
0.481063395739
1.226267099380
0.103896163404
-1.170500397682
1.350281238556
1.563587069511
-0.000312788936
1.450430274010
0.273758500814
1.632639527321
1.594219326973
-1.978224396706
-1.352057218552
-1.997962355614
0.000485123543
-0.565076947212
1.367452263832
1.750375390053
-0.289456188679
0.834424257278
1.134714007378
0.099328681827
0.357398867607
0.361309677362
-1.972751379013
-1.196127772331
1.556538939476
1.191750288010
-1.288862705231
1.096450924873
0.102138981223
-2.036087036133
-1.214690089226
-1.591025352478
1.973861098289
1.378913402557
-1.762722730637
0.962168872356
-1.369668483734
-1.321930527687
1.511376261711
-1.396272063255
-1.396771550179
0.000447502447
-0.001541154925
0.150195509195
-0.945995628834
0.301436990499
1.653243660927
-1.467867255211
1.396019697189
-1.960809469223
1.057592868805
0.503171086311
-0.000000265668
-0.835122108459
0.702748060226
-1.459902882576
-0.677161097527
-1.996254801750
-1.937438130379
0.000093137925
2.138539314270
0.774160921574
1.840770483017
1.247342348099
-1.741049766541
-1.157199025154
1.255839467049
-1.955578684807
-1.950942277908
-0.854913651943
0.964247286320
-1.363985776901
0.667597651482
-0.331802159548
1.248712062836
-1.927529811859
0.813103377819
-1.390594363213
1.154288530350
1.096550822258
1.325416922569
2.191512584686
-0.601878404617
-0.731348037720
0.807362616062
1.636353015900
-1.507602930069
0.102541796863
1.578121185303
-1.379207968712
0.840916872025
-0.719014286995
1.467180728912
-0.050815284252
0.550344407558
-1.639880061150
-0.441140890121
2.106480121613
0.055376596749
-0.097825959325
-0.651827692986
-0.955976665020
1.992789983749
1.189548373222
2.207910060883
0.434995651245
-2.097923755646
-1.419742107391
2.632848739624
-1.346505761147
0.001910411404
1.583669185638
-0.099793814123
1.590211629868
1.713934063911
1.674894332886
-1.745494842529
0.857250571251
1.649272799492
-0.300420403481
-0.700648367405
-0.862109124660
0.000174139510
1.267369866371
-1.266497969627
0.387599587440
-1.404610633850
0.634822189808
-0.153912752867
1.462376832962
0.908115327358
-1.841830849648
-0.108461655676
-0.000198956259
-2.162034749985
-1.256149768829
-1.148662805557
1.464320659637
-0.147555798292
0.244153454900
0.641516149044
-0.164176777005
0.974255979061
0.378836363554
-0.313123345375
-0.805028319359
-1.937855601311
-1.295601725578
-1.138990640640
1.948099017143
0.297470867634
1.086649298668
1.559289455414
0.326184779406
-1.678051471710
0.000163746154
0.579787909985
1.509496927261
0.630015254021
0.000239734087
1.397463321686
-0.349674671888
0.141306504607
-1.339087247849
0.666587352753
0.105664409697
1.429808259010
-1.818548679352
-1.126982569695
-0.335607320070
-1.175956726074
-0.154405057430
1.520564198494
-1.164760947227
-0.343008548021
1.763981342316
0.091100536287
-1.893422842026
-0.507608413696
1.500213623047
1.612126708031
0.844144761562
-0.821573495865
0.690029978752
-1.812528848648
0.584539890289
-1.044528603554
1.172010660172
0.204523935914
1.161523580551
0.639011263847
0.826278150082
-1.451292395592
-1.225420594215
-1.421371579170
-1.881411671638
-0.501781761646
0.000128954605
-1.568833827972
-1.288812875748
-0.033322680742
-0.694387972355
1.549834728241
1.530890345573
-0.637149572372
2.004648685455
-1.135798811913
-0.573625802994
-1.693137764931
-1.223455905914
-2.036063671112
-0.753219783306
1.228874921799
-1.515026926994
1.700843214989
1.748797535896
1.937618494034
0.276244550943
0.605034708977
1.363597512245
-2.045463085175
0.272393435240
0.659686326981
-1.261733889580
1.018135666847
0.439787924290
1.467595458031
1.383632540703
2.229301214218
0.836890041828
1.882086396217
0.314062327147
-1.143559575081
-0.013011408970
0.451718866825
1.526469111443
-1.573967576027
-0.630384564400
2.105527162552
-2.122431516647
1.925914525986
1.910208344460
-1.261252284050
0.015888851136
-1.554884552956
-1.096136689186
-1.134903550148
-0.920829951763
-0.132962286472
-0.794781088829
1.703739166260
0.568848729134
-1.171502351761
1.951162338257
-1.321277976036
-0.001823908533
1.297417521477
-1.975454330444
0.525041162968
