1.360487341881
1.468544363976
1.302128791809
0.077766351402
1.376704573631
1.569306612015
1.328407526016
0.697146177292
-0.090950466692
1.551808357239
1.426098465919
1.099600791931
1.414270758629
1.351088404655
1.520887017250
1.333622813225
1.426712751389
1.164242863655
1.252437949181
1.351742744446
1.163574099541
1.239420175552
1.367956519127
0.162181749940
1.125734448433
1.187331557274
1.413544535637
1.359689354897
1.489961385727
1.259912014008
1.174988389015
1.277474164963
1.283609271049
1.214532017708
1.478821158409
1.320771932602
1.322815299034
1.448552131653
1.396678805351
1.206903219223
1.147131204605
1.173313498497
1.272370457649
1.444116234779
1.226285219193
1.391822338104
1.515569448471
1.198992848396
0.363448590040
1.078113913536
1.121825456619
1.251737833023
1.278281211853
1.322782754898
1.185528397560
1.224985122681
1.389777064323
1.212085843086
1.437818050385
1.254769802094
0.992777287960
1.503385305405
1.321783065796
1.425773143768
0.074499733746
1.162877559662
1.112894892693
1.327997207642
1.514976620674
1.456659793854
1.276186585426
0.391046106815
1.320302724838
1.503826975822
1.562590122223
1.436124682426
1.094266772270
1.385808110237
1.644741415977
1.489976763725
0.041350644082
1.304524421692
0.914849817753
1.587469220161
1.357793688774
1.300850868225
1.187828063965
1.442252516747
1.350192546844
1.437258124352
0.223312169313
1.183978319168
1.244485139847
1.186107754707
0.975857079029
1.163780570030
-0.021164709702
1.248949408531
1.434146642685
1.543884992599
1.323386549950
1.464213967323
1.251756191254
0.870252311230
1.325955629349
1.267063021660
1.168234705925
1.355175375938
1.446884989738
1.315279483795
1.386468410492
0.846603691578
1.100383400917
1.394696235657
1.144158363342
0.938106715679
1.456366658211
1.505072236061
1.170421361923
1.077066421509
1.506611466408
1.542107343674
1.211101293564
1.328343987465
1.381260395050
1.061113476753
1.382085442543
1.202461361885
1.271107912064
1.409766316414
0.992236852646
1.216626763344
1.390503525734
1.269202709198
1.213165283203
1.159199476242
1.204233646393
1.264226436615
1.107251167297
1.572217106819
1.117973089218
1.213519334793
1.187504410744
0.586585044861
1.431200146675
1.323033690453
1.242684006691
1.337079405785
1.449706315994
1.380760908127
1.184630632401
1.366685152054
1.351149320602
1.386636972427
1.143264174461
1.192780613899
1.072303891182
0.101333320141
1.305590152740
1.244759678841
1.220862507820
1.385141730309
1.680076956749
1.203655004501
1.096029877663
1.583265423775
1.030133843422
1.609068512917
1.222442269325
1.234459400177
1.330721020699
1.440038561821
1.355644702911
0.383113086224
1.246062278748
1.508973360062
1.208314418793
1.356053352356
1.093035817146
1.334377408028
1.350409388542
1.354466795921
1.138884544373
1.460397720337
1.333212614059
0.817828059196
1.223193049431
1.324308872223
1.483233451843
1.509430766106
1.536460399628
0.925102293491
1.163266658783
1.221411824226
0.863663196564
0.437483310699
0.003346656915
1.302266716957
1.382833719254
1.298939704895
1.229845643044
0.984733700752
1.447084546089
1.332549333572
1.371854662895
1.085317492485
1.318007946014
1.119537949562
1.318530321121
1.247484326363
1.062422275543
1.381959438324
1.182845115662
1.216868042946
1.440779209137
1.276186227798
1.134100198746
1.187585473061
1.230926871300
1.191359996796
1.424208402634
1.361301541328
1.252055287361
1.213128328323
1.268457412720
1.407832264900
1.156004309654
1.012111067772
1.318882584572
1.467699527740
1.378798246384
1.220370531082
1.169429063797
1.094853758812
1.180102109909
-0.060713566840
1.374614953995
0.251814842224
1.352132678032
1.424972414970
1.284926414490
1.465025901794
1.288905382156
0.020418822765
0.072360239923
1.347669482231
1.267355322838
1.275148272514
1.412103772163
1.437917590141
1.481616735458
1.475915551186
1.461655735970
1.336190581322
1.223043203354
-0.002837350592
0.832033514977
0.231023266912
1.660962104797
1.297176122665
1.549602031708
1.399920463562
0.020328894258
1.291329979897
1.308206081390
1.156482100487
1.212662339211
1.538330078125
1.416400909424
0.160600021482
1.390502333641
0.871677756310
1.416940450668
1.529628157616
0.080460108817
1.462664008141
1.096267461777
1.462146759033
1.561153888702
1.297809123993
1.149186968803
1.150296688080
0.965546667576
1.338361024857
1.290486574173
1.366824626923
0.027030197904
0.835191309452
1.357018232346
1.054262995720
1.344083786011
1.248005867004
1.308855175972
1.352421402931
1.426413297653
1.180801510811
1.556412100792
1.451674342155
0.068427868187
1.442966461182
1.162241935730
0.070624120533
0.293016701937
0.107896156609
1.272515296936
1.280545592308
1.293220758438
1.138054251671
1.238078117371
1.043483495712
1.489968776703
1.213827490807
1.105031609535
1.406684160233
1.207341074944
1.475190639496
1.238093137741
1.276350617409
1.514577984810
1.510551691055
1.223520994186
1.437422037125
1.151006579399
1.339069724083
1.511473178864
1.650702714920
1.004734158516
1.114142775536
1.320145368576
1.140646457672
1.461817145348
1.534938097000
1.457319259644
1.575883269310
1.427569985390
0.010290499777
1.536762237549
0.948680281639
0.060663916171
1.412549376488
1.512743115425
1.257955908775
1.162958145142
1.144897580147
1.119951367378
1.355169534683
0.008537575603
1.516104459763
1.116248130798
1.489155054092
1.439586997032
1.345961928368
1.346818327904
1.456568598747
1.279392004013
1.254024505615
1.331484675407
1.143562555313
1.201978325844
1.355792999268
1.514841914177
1.402346611023
1.288013458252
1.289550542831
1.666533946991
1.237489104271
1.282551765442
1.193948149681
0.075027137995
0.673983573914
1.401037096977
1.579571604729
1.691881895065
1.210322499275
1.459048151970
1.127783775330
1.345313191414
1.107950925827
1.146504044533
0.965658187866
1.389183759689
1.145034193993
1.141537189484
1.279413819313
1.285475730896
1.541541218758
1.269235730171
1.395029783249
0.190901517868
0.617907702923
1.026190280914
1.110998153687
1.398478388786
0.345037192106
1.271012067795
1.490411758423
1.373331427574
1.295147895813
0.000783350377
1.494031667709
1.572057723999
1.532846689224
1.672461986542
1.377598047256
1.440771579742
1.132795572281
1.016993999481
0.926546216011
0.992933213711
1.040890812874
1.280058622360
1.205578327179
1.413950800896
1.458933711052
1.431079149246
1.470250844955
1.226518750191
1.575268983841
1.469594955444
1.385537505150
1.158933401108
1.120371222496
1.478876948357
0.013949921355
1.214177131653
1.362600088120
1.332773208618
1.692663311958
1.467798471451
1.259069561958
1.204006552696
0.185231566429
1.283912181854
1.413150548935
1.245284914970
1.419091582298
1.178650259972
1.123783588409
0.253741174936
1.297927021980
1.414483547211
1.168573975563
1.465263485909
1.367075204849
1.305615067482
1.204783558846
0.602832496166
1.213187694550
1.148827314377
1.218829274178
1.543014645576
1.336705446243
0.119642436504
1.326768159866
0.644246220589
1.155211329460
1.258529543877
1.389557719231
1.177362322807
0.024621684104
-0.250707477331
1.154494762421
1.132266759872
1.195242881775
1.086247444153
1.179142713547
1.379568696022
1.208698391914
1.350018143654
1.404982924461
0.419625312090
1.425248026848
1.316948533058
1.322569966316
1.282953619957
-0.014904686250
1.195613980293
1.753101229668
0.941638648510
1.460954189301
1.363044500351
0.729163706303
1.268628120422
0.247274607420
1.101668596268
1.296775579453
1.407086372375
1.279700875282
1.173422932625
1.120553970337
1.491915702820
1.383484125137
1.450436234474
1.156798958778
1.437395930290
0.216856107116
1.089205145836
1.066210031509
1.286283135414
1.591217517853
1.361986041069
1.225613832474
1.328873634338
0.102560326457
1.337188363075
1.402619838715
1.212943673134
1.296976327896
1.501114010811
1.197134375572
1.206832528114
1.277065038681
