-1.426941871643
-1.755238056183
-1.451362133026
-0.028971007094
-1.489895224571
-2.070366621017
-1.627763628960
-0.069916196167
0.001217006939
-2.161765575409
-1.593595862389
-1.130533576012
-1.988100767136
-1.159059762955
-1.438821554184
-1.905804514885
-1.953157544136
-1.140164017677
-0.514258325100
-1.628882288933
-1.333619713783
-1.252186775208
-1.270738720894
-0.043318696320
-1.016508102417
-1.332122206688
-1.891457080841
1.274621367455
-1.420398950577
1.606666445732
-1.491962432861
-0.109430156648
-1.266045451164
0.947574794292
-1.678554177284
-1.630019545555
-1.524522304535
-1.393788218498
-1.452606797218
1.318810582161
-1.164516091347
1.154794096947
-1.363591670990
-1.766381382942
-1.340731620789
-1.214278578758
-2.259923696518
-0.953260481358
0.027299435809
-0.742801010609
-0.999035000801
-1.233301997185
-1.072748541832
-1.414697408676
1.307278990746
-1.026593446732
-0.840792179108
-0.970086574554
-1.698791623116
-1.339018106461
-0.705262362957
-2.781559228897
-1.565179705620
-1.561046242714
0.086035914719
-1.152892112732
-1.277566790581
-1.728582620621
-2.021648883820
-1.713681817055
-1.230752825737
-0.032579466701
-1.702971100807
-2.423202991486
-1.572994589806
1.658354520798
-0.913329243660
-1.714052915573
-2.028853416443
-1.464281797409
0.038379922509
-1.658340811729
1.007168054581
-2.096185445786
-1.696753501892
-1.000021934509
1.302405118942
-1.684354186058
-1.527638554573
-2.040484905243
-0.024548163638
-1.363655686378
1.392874717712
-1.213603019714
-0.590524613857
-1.241223454475
-0.022295666859
1.090787053108
-1.489703059196
-2.096023797989
-1.676868200302
-1.920863389969
-0.379492878914
1.184820890427
-1.525737047195
-1.282054305077
-1.166823744774
-1.574128270149
-1.604549169540
-1.714170217514
-1.563151240349
0.986168801785
-1.097844362259
-1.491786122322
1.336023211479
1.353357434273
-1.738373279572
-2.215466737747
1.579979062080
1.124214887619
-1.960106968880
-1.981589674950
-0.950438082218
-1.595984935760
-1.782910346985
-1.132833600044
-1.148941397667
-1.015317559242
-1.473671674728
-1.532078146935
0.831233382225
-1.370384931564
-1.621383190155
-1.539657950401
-0.982959926128
-1.220643043518
-1.496980905533
-1.299101591110
0.973227500916
-1.654872179031
-0.428074866533
-1.240715742111
-1.200525522232
-0.082247197628
-1.712829709053
-1.670998096466
1.600581407547
-1.415590524673
-1.960671782494
-1.235792040825
1.410971879959
-1.228422164917
-1.475882887840
-1.169408321381
-1.158810734749
-1.347535133362
1.632999181747
-0.066203258932
-1.578446865082
-1.355843544006
-1.419711351395
-1.393625378609
-2.066168785095
-1.182780027390
-1.206507086754
-2.655758380890
-0.705792963505
-1.838306307793
-1.400533676147
1.294948458672
-1.249360799789
-2.029391527176
-1.495520949364
0.008929233998
-1.393802762032
-1.522572517395
-1.277256488800
-0.332413971424
1.098091840744
-1.543047308922
-1.950541496277
-2.238694429398
-1.272070407867
-1.887318372726
-1.187913775444
0.511319100857
1.642448306084
-1.341336727142
-1.482755661011
-1.940647721291
-1.962036728859
1.170400500298
-1.038551092148
-1.356239318848
0.680747747421
0.001509120222
-0.003761567175
-1.355501294136
-1.687814593315
-1.729394078255
-1.369178533554
1.118007540703
-1.623741626740
-1.391638040543
-1.499149084091
1.308077931404
-1.595663070679
-1.248903155327
-1.067523241043
-1.400583148003
-0.947802543640
-1.664553165436
-1.020370006561
-1.406663417816
-2.371537923813
-1.234794139862
-1.338573694229
-0.978676378727
-1.052627325058
-1.088031291962
-2.217893600464
-1.085189938545
-1.427484154701
-1.338495373726
-1.483262896538
-1.453242301941
-0.847380101681
-0.592066705227
-1.519721627235
-1.909482598305
1.572082757950
-1.514857649803
-1.048808217049
-1.014758586884
-1.299578070641
0.017663693056
-1.564669370651
0.007338158786
-1.373300433159
-2.232090711594
-1.236759662628
-1.972017645836
-1.425458073616
0.020091142505
0.088833339512
-1.378801226616
-1.415503382683
-1.618164539337
-1.524154305458
-2.083511829376
-2.259981155396
-1.789377212524
-1.357980489731
-1.417536258698
-1.169247031212
0.007587731350
1.257259368896
-0.006536189001
-2.216361045837
-1.026861906052
-2.089760780334
-1.618234395981
0.021023849025
-1.460179090500
-1.460440635681
-0.960133790970
-1.023297429085
-1.520421385765
-1.745936632156
0.123469859362
-1.705749750137
0.718222081661
-2.333172082901
-2.123486757278
0.027281321585
-1.752406716347
-1.090960144997
-1.759874105453
-2.222114324570
-1.056616425514
-1.346474409103
-1.094987630844
-1.002355098724
-1.400608897209
-1.170530676842
-1.569051504135
0.038685936481
-0.171738967299
-1.548126459122
-0.814641892910
-1.384096264839
-1.400223970413
-1.521794915199
-1.558104276657
-1.619629740715
1.160218119621
-2.038575172424
-1.850570917130
0.043323844671
-1.654026150703
1.695774316788
-0.040773373097
-0.005862322170
0.102902159095
-1.443456530571
-1.246649265289
-1.582029461861
-1.056717395782
-1.379435658455
0.750497519970
-1.658283710480
-1.404984593391
-0.651091039181
-1.774735093117
-0.389217376709
-1.858904004097
-1.351554393768
-1.462823867798
-1.183682918549
-1.746764898300
1.048792839050
-1.123601078987
-1.121091008186
-1.634658217430
-1.819801568985
-2.399057388306
1.140641212463
1.136521935463
-1.556750655174
-1.395996332169
-1.579078078270
-1.895545601845
-1.769980311394
-0.888442099094
-1.244930744171
-0.012864595279
-2.546745538712
1.239359021187
0.090025059879
-1.456607222557
-1.909171223640
-1.452382564545
-1.291998624802
1.430171132088
-1.132307887077
-1.889670372009
-0.015029755421
-2.233845233917
1.109012246132
-1.718538284302
-1.522631406784
-1.631010770798
-1.626997470856
-1.831724524498
-1.410232901573
-1.410604000092
-1.564609527588
-1.227985858917
-1.494420766830
-1.720330119133
-1.236150860786
-1.710305690765
-1.403556942940
-1.601248860359
1.495274901390
-1.449567198753
-1.517577528954
-1.306964874268
0.065382100642
0.844079494476
-1.458797454834
-1.712206840515
-2.466073036194
-1.567825794220
-1.793492674828
1.034680485725
-1.495255470276
-0.926554977894
-1.158860802650
1.222158551216
-1.524787187576
-1.333575725555
-0.983053088188
-1.294440627098
-1.565893054008
-2.130409955978
-1.388476371765
-1.956675648689
-0.080426007509
-0.204624652863
-0.911967575550
-0.982439339161
1.567506313324
-0.001959542977
-0.836234211922
-1.877010703087
-1.533524990082
-1.559837222099
0.001077936729
1.215808749199
-2.172255754471
-1.958263397217
-1.708376646042
-1.560011625290
-1.720464706421
-0.772112369537
-0.563477218151
0.800438702106
1.351108789444
-0.960863947868
-1.076051115990
-1.333537459373
-1.330601572990
1.676127791405
-1.585132241249
-1.734190344810
-1.193809866905
-1.691470742226
-2.101654767990
-2.030925273895
-0.946984052658
-1.014178752899
-1.561591148376
0.016004443169
1.395393490791
-1.420103669167
-1.432714819908
-1.944865226746
-1.821522831917
1.208594560623
-0.374851614237
-0.047871246934
-1.518462300301
-1.746858000755
-1.351943850517
-1.641082525253
1.252346396446
-1.135766386986
-0.051829922944
-1.193167924881
-1.026853561401
-1.514937639236
-1.735419273376
-1.562727689743
-1.617350339890
-1.323871493340
0.051077183336
-1.070881724358
-1.040869593620
-0.255470633507
-2.048529386520
-1.236152291298
-0.013446215540
-1.500660181046
-0.080301642418
-1.447540521622
-1.181720495224
-1.654298901558
1.329697608948
-0.028349818662
0.041829928756
-0.994497358799
-1.110264897346
-1.048755288124
1.175828814507
-0.912174999714
-1.583824038506
-1.201913475990
1.348058104515
-1.790307879448
0.138236731291
-1.865331530571
-1.499892234802
-1.368896365166
-1.609340906143
-0.017959078774
0.891456425190
-2.242477178574
1.063459992409
-1.930689215660
-1.438448548317
0.635102152824
-1.472427964211
0.033147208393
-0.705364048481
-1.720807075500
-1.769163489342
-1.635019659996
-1.017681837082
-1.091912269592
-1.634510397911
-1.879968881607
-1.350333333015
-1.457533478737
-2.030523777008
-0.019870735705
-1.078333497047
-0.827172517776
-1.614792585373
-2.517678737640
-1.641055345535
-1.431936621666
-1.558026790619
0.059232797474
-1.497153759003
-1.563404083252
-1.430488228798
-1.351144671440
-1.714828252792
1.223781108856
-1.262385368347
-1.320035934448
