2.089236259460
-0.185747146606
1.702399134636
-0.334108561277
1.579854130745
-0.360943585634
1.739384293556
1.863050699234
1.809071660042
1.804150819778
1.582844734192
1.652246475220
1.654132366180
5.211869716644
1.578903913498
1.890746593475
2.767241716385
-0.203771814704
1.798340559006
1.562572956085
1.911087989807
1.197833299637
1.575197815895
4.098440170288
0.153000295162
4.674404621124
1.561876654625
1.618136167526
1.087690472603
2.012038230896
2.015942335129
1.826535820961
1.372492313385
2.193384408951
1.448352813721
1.621671438217
1.235474586487
2.153705120087
1.763917446136
0.001536765252
1.719762802124
1.592072963715
1.989928245544
2.206458806992
2.043662309647
1.802158236504
1.321848630905
1.468893289566
2.893768787384
1.316095948219
2.482707738876
1.735981106758
1.151715874672
1.715165734291
-0.512183010578
1.441127538681
1.520833015442
1.538904190063
2.204684972763
1.617367386818
1.858534693718
-0.123225860298
1.816319227219
3.348149538040
1.900215029716
1.459659099579
2.111549139023
1.988302707672
1.690060257912
2.354619503021
3.149620771408
2.664488315582
0.034540012479
1.400635361671
2.634780406952
2.099772214890
1.962730526924
2.342752218246
1.800320148468
1.936942577362
1.708633780479
-0.161547735333
1.160651683807
1.690435290337
1.675696969032
1.457844257355
1.946339964867
1.796674728394
2.500286102295
1.409725904465
2.255410432816
0.092884205282
1.496544837952
1.970752477646
2.092113256454
2.173567533493
1.583941459656
0.162295892835
1.876491069794
3.110441446304
1.629561305046
1.288113713264
3.059840440750
1.756377458572
1.741268634796
1.898266553879
1.559847354889
1.852478742599
1.985281586647
2.153090476990
1.675820112228
2.799425840378
1.747518539429
1.656854033470
1.964420437813
1.874208331108
1.671919584274
1.861346960068
1.573394536972
0.275344967842
1.992525577545
1.739925861359
2.362673044205
2.539168834686
2.707956790924
1.327651143074
2.277813911438
1.559460401535
1.577229857445
1.962051391602
1.599662065506
1.581747889519
1.794064879417
1.810146570206
0.079731985927
1.422177553177
1.622060298920
1.792579889297
1.702946901321
1.932547211647
2.309714317322
2.087624549866
2.863571882248
2.007982254028
1.479444503784
-0.441026866436
1.964290261269
1.798804998398
-0.156355023384
1.693678021431
1.726662278175
2.007237434387
1.405322790146
1.746419429779
1.832982182503
1.481734156609
1.277158856392
2.537706613541
1.813088059425
2.635115385056
-0.123363338411
2.006332874298
1.567919015884
1.738731741905
1.768756389618
1.586936831474
-0.391763240099
2.717935323715
2.902475833893
1.711609005928
1.833114027977
2.101567268372
1.807437300682
2.250754594803
1.874879002571
1.606317520142
1.784085154533
1.894814968109
1.925969243050
-0.191257461905
1.522455453873
1.930169343948
2.139318943024
0.028861012310
1.692461967468
1.684201598167
2.183545827866
1.645579814911
2.626018285751
2.545047998428
1.957836866379
0.027527872473
1.703940391541
-0.002867933828
2.113887548447
1.843689918518
1.818432807922
1.482234954834
1.790944933891
2.034931182861
2.516504049301
1.507544875145
1.651050209999
2.432301759720
-0.022495681420
2.009908914566
1.821184396744
1.606850266457
1.796555399895
2.020825624466
2.163189411163
1.906912565231
1.963175654411
2.211912155151
1.662741541862
0.039878796786
1.550423502922
1.912550926208
1.881774425507
-0.132499814034
2.290323495865
1.961748242378
2.550240039825
1.724197626114
1.728505730629
1.639618992805
2.083304166794
1.508500695229
1.270381450653
1.737216472626
1.725972175598
0.034439552575
2.672768592834
1.379347443581
1.605451107025
2.608780622482
2.303337574005
1.793239712715
2.190396070480
2.724808216095
-0.274854063988
1.710915923119
2.230987310410
2.748699426651
2.028699159622
2.361458063126
1.611149072647
1.833084464073
2.114418745041
2.240081548691
1.872983217239
1.611309528351
1.263283610344
2.458165407181
1.391675114632
2.112245559692
1.539513945580
1.887177586555
1.650467038155
1.969476222992
1.774208903313
1.902893304825
1.778979778290
1.787049174309
1.924627900124
-0.057160325348
1.737806797028
-0.103009983897
3.050464391708
1.955994725227
1.862911343575
1.961199045181
2.207407712936
1.903683662415
1.614789009094
2.105122804642
2.307378768921
1.973056435585
1.587782979012
1.383597970009
1.645194768906
1.842886447906
1.959906101227
1.986160397530
1.674607872963
2.033135414124
1.495542049408
1.454218268394
2.120129346848
1.753497719765
1.474841594696
1.768813133240
-0.346878319979
2.331433057785
1.966723561287
1.706191420555
2.223814725876
2.497844934464
1.408272385597
2.132382392883
1.199766993523
1.446696758270
3.395071506500
1.644098520279
2.866333723068
1.469543337822
-0.166236251593
2.283387184143
2.462647438049
1.604218244553
2.098934412003
1.609817624092
1.892918109894
1.730691790581
1.033826231956
4.758610725403
2.021513700485
2.487402439117
2.091678380966
2.229236364365
1.720029950142
1.861845612526
1.968245983124
1.973773002625
1.398734450340
1.537241697311
1.609465003014
2.786017179489
1.579754233360
1.819660544395
2.035167217255
3.265316009521
1.810850620270
1.804191350937
2.443977355957
1.963888764381
2.680567979813
3.403283834457
2.410581350327
1.760992646217
1.493795990944
1.997871756554
1.715326428413
1.728247165680
1.969442605972
-0.153389528394
1.671299815178
2.407720327377
2.337152957916
1.890064239502
2.945918083191
1.474258661270
1.576162219048
1.747469425201
1.434748053551
1.872522234917
1.516211032867
1.715285658836
1.968559145927
2.672200679779
2.495115280151
-0.381921827793
1.773889183998
1.725088000298
1.551925778389
1.694187164307
2.108911275864
-0.373453378677
1.912518858910
-0.228414654732
2.191463232040
1.956464409828
1.672647595406
1.235053777695
1.545050978661
2.414629459381
1.776636123657
1.641733288765
1.670197367668
2.670083999634
2.177369594574
2.378931760788
-0.249858841300
1.846193075180
1.829201340675
1.615667462349
0.094168648124
2.443162679672
5.517728805542
1.804654479027
1.916614890099
1.901714086533
2.774169445038
1.368945479393
2.435182332993
1.151246786118
-0.072005115449
2.257371187210
1.379949569702
2.139738321304
1.632120370865
2.039719343185
1.833310246468
1.589207053185
0.003691826016
2.021257638931
1.797163963318
2.849083662033
1.730594635010
1.003711342812
1.176372528076
1.879779219627
1.524468064308
2.154467344284
2.205990552902
2.384620428085
2.171174287796
2.597458839417
2.094593286514
-0.412475377321
2.757411956787
1.085415124893
2.121660232544
1.701101660728
1.662633776665
1.674537301064
1.578961491585
1.844041109085
1.771005034447
2.118278741837
2.629012346268
1.883034467697
1.595346331596
1.999539256096
1.732640981674
2.485149383545
1.507047176361
2.085842132568
1.607252717018
2.077045917511
1.662477612495
2.374097824097
1.831453084946
1.954362392426
1.491314768791
1.658884525299
1.510775685310
2.566542863846
1.773858308792
0.213034674525
1.774519443512
1.888610243797
1.692632079124
2.142736673355
1.594699263573
0.190240889788
2.491645336151
1.504989147186
2.018482208252
1.801951527596
2.325524568558
1.752547621727
1.849568009377
1.643208861351
2.899849653244
1.518660545349
1.727761268616
2.330049514771
1.677783608437
0.263682574034
2.104568719864
1.767280817032
1.447089910507
1.712154388428
1.955683350563
2.090283393860
2.148939609528
2.051660299301
1.680748224258
1.583627820015
2.642179250717
1.888626933098
1.709541678429
1.743458390236
1.592704296112
-0.007130627986
1.828063607216
1.883925437927
2.163171529770
1.935214638710
1.622806787491
2.303516864777
1.914293527603
2.419710636139
1.960532903671
2.296122074127
1.569204688072
2.741287946701
1.768229722977
2.036381721497
1.581768393517
1.706595182419
1.885460138321
2.431263208389
1.716580271721
2.690996408463
1.475213766098
1.512428879738
0.110261313617
1.650298118591
1.699052095413
1.072471737862
1.408179759979
-0.072499208152
-0.034321181476
1.653508186340
2.075251340866
1.508998990059
2.339485406876
1.522450208664
4.065496921539
1.849525928497
1.810352206230
1.902163743973
3.634692668915
1.723186492920
-0.024515200406
1.941362261772
1.371299743652
1.790965676308
1.822939276695
1.445285916328
1.951217889786
2.196242332458
1.716925978661
4.086798667908
2.594271183014
1.665208935738
1.841278672218
2.043035268784
2.410725593567
1.753232955933
3.087288618088
1.739957213402
2.152198314667
-0.769217133522
2.174522161484
1.717606067657
1.615982055664
2.452017068863
1.529220700264
1.378692030907
1.734133124352
1.607745766640
-0.364134043455
2.050766229630
2.697933197021
2.041029930115
1.800691008568
2.571868896484
1.391112446785
1.937376618385
1.681564450264
1.673900723457
4.522114753723
1.654951453209
1.622508049011
2.842527866364
0.146224796772
1.633510470390
1.632870554924
1.744218945503
1.610665559769
1.821509718895
1.399377584457
-0.372127264738
1.760765194893
1.944195151329
1.665135264397
-0.054184138775
1.841560244560
2.022576570511
1.912611007690
1.621342897415
1.374676108360
0.063830591738
1.726168394089
2.432042121887
1.597751975060
1.658944010735
1.652606368065
2.714979648590
1.731913328171
1.313932538033
3.716147184372
1.918498039246
1.839865684509
5.028001308441
1.779295563698
1.932371258736
2.562853813171
1.909298062325
1.623925685883
-0.262097358704
1.410435080528
1.766430854797
1.942732453346
1.539720654488
2.305438995361
2.282911300659
1.829168915749
1.847641825676
2.842754125595
1.738970041275
2.573503494263
1.831953763962
1.612231135368
2.176496267319
1.623750209808
2.163958549500
-0.026298096403
1.822447061539
2.251820325851
1.963898539543
2.516624212265
1.966419100761
3.955394029617
1.490055918694
1.983397245407
1.804206490517
2.141609907150
1.532745718956
1.416737437248
1.331517219543
1.639023423195
2.343102693558
1.977950692177
1.709040880203
1.843265652657
2.971053123474
1.508028268814
0.057312704623
1.700807809830
1.634566664696
2.350764513016
1.888745665550
2.631194353104
1.352911353111
1.631563901901
2.285495519638
2.554515838623
4.257079601288
1.594450712204
0.066952720284
1.671797275543
1.417898297310
1.896686434746
1.619060754776
1.891219973564
1.997434616089
1.725387930870
1.953396558762
1.776457905769
1.619224190712
2.458614826202
1.653113842010
4.786490440369
2.142414808273
1.629315018654
2.234572172165
2.567562341690
1.829306244850
1.668993115425
1.458391427994
-0.053864851594
-0.266106575727
1.524899721146
2.844476222992
1.840122699738
1.780360102654
2.412925720215
2.485954999924
2.017049312592
-0.064226604998
2.862228870392
1.610516309738
1.829555273056
0.052261829376
-0.049474734813
1.744626760483
1.520950198174
1.738410472870
2.072438955307
1.541413307190
2.120723247528
1.221011996269
1.643854022026
2.365972995758
1.707331418991
1.654738903046
2.025469064713
1.684711456299
1.460226178169
2.847382068634
-0.029063500464
1.911803603172
0.144347906113
1.876045823097
1.708556652069
1.718817114830
1.666488528252
1.372753024101
1.945643663406
1.874710083008
2.292295455933
1.602423906326
1.513523221016
1.986709356308
1.807119011879
1.223373889923
1.768929481506
1.898988127708
1.640209317207
1.177476763725
1.332218647003
2.152758359909
1.970231413841
1.454444169998
1.832218170166
1.698394894600
1.619088053703
2.150859594345
1.922200918198
1.601172804832
1.445238947868
1.748601675034
1.742130756378
1.386780500412
1.839274168015
1.659297108650
1.765323758125
-0.001727067865
1.872112512589
1.986703276634
1.654914736748
1.685925841331
2.601617813110
1.609877228737
3.137329816818
2.632513284683
2.386167287827
1.970668435097
1.385631561279
-0.112029820681
1.618488907814
0.952555954456
1.547244906425
0.161805644631
2.039669275284
1.591948747635
1.875684499741
1.550324440002
1.576461434364
2.006204128265
-0.377103030682
1.674042820930
-0.079292252660
1.839581131935
1.559070467949
1.994297623634
1.986423730850
1.638421416283
1.647786736488
3.943080902100
2.187010049820
2.066965103149
2.091772556305
1.845083951950
1.386010050774
2.218147039413
1.721975922585
1.626455068588
1.686590313911
-0.111246913671
1.635823369026
-0.520627200603
1.609906435013
-0.122064530849
1.810139656067
1.715483069420
3.166456222534
1.637639880180
2.605007171631
2.604556798935
1.850571751595
2.134222507477
2.327694892883
0.067825630307
1.557053685188
0.140132352710
1.021837234497
1.838552594185
1.868004202843
1.587846159935
1.716200947762
3.278271675110
2.875559329987
1.654825091362
1.609990835190
1.686188697815
2.231056451797
1.845273733139
3.303602695465
1.538766384125
1.310702443123
1.750699043274
1.505027055740
-0.394407778978
2.085737228394
1.789848089218
1.744716405869
0.063058570027
1.739235520363
1.879683971405
1.620536804199
1.692739367485
1.931565761566
1.816122531891
1.949572801590
1.905502319336
1.705900549889
1.891113996506
1.903817057610
1.880540132523
1.985451579094
2.000261068344
1.484316110611
1.561420917511
1.873965859413
1.737026691437
1.726563096046
2.489114761353
1.279202580452
2.749435663223
2.101797580719
1.926967978477
1.665405511856
0.164054736495
1.355647921562
1.762720584869
2.023771762848
1.739783406258
-0.006432796828
-0.418684422970
1.440944194794
1.688512921333
3.405774831772
1.773182153702
1.695764303207
1.970005154610
2.007293462753
-0.336973041296
0.153422787786
2.732062578201
-0.158947691321
1.593025326729
2.212791442871
2.395569562912
2.091574430466
1.463177561760
1.810346245766
0.221164956689
1.606203794479
1.662083745003
1.118521332741
-0.058356795460
1.741036415100
1.559822082520
1.927041649818
2.412216424942
1.603800892830
1.828194260597
1.718718051910
1.719459414482
2.656303644180
0.228243947029
1.980612516403
1.670234322548
1.885749697685
1.479926347733
1.640342235565
1.738432288170
1.869508504868
2.383591175079
1.491486072540
1.520376205444
1.854076147079
1.649429321289
1.574235320091
3.822414636612
1.657588958740
1.763795375824
1.786522150040
1.755911946297
1.573743939400
2.031559705734
1.704716801643
1.604290008545
2.284834623337
1.599376201630
1.928413510323
1.857185959816
2.311138629913
1.964349269867
-0.212821394205
1.077921032906
1.765288114548
2.279918432236
2.130849123001
1.804902076721
1.992682933807
1.803558588028
2.597668409348
2.332131147385
1.830689668655
1.750307321548
-0.510612666607
1.512713193893
1.162352442741
1.696715116501
3.790887594223
1.919814825058
0.050713144243
1.681736946106
2.927775859833
1.709615826607
1.204807400703
2.613174438477
2.624843120575
1.760252952576
2.193527460098
2.023837089539
2.518155574799
0.013438773341
1.883168339729
1.839514374733
2.909422159195
2.687126874924
0.281381726265
1.007310748100
1.700213193893
1.956324458122
2.102115869522
2.175884008408
1.562793135643
1.525281071663
2.015093564987
1.359569430351
1.668219923973
2.394259691238
1.600402593613
2.724798440933
1.527086138725
2.397857189178
0.231481626630
1.523341894150
3.350531816483
1.966625571251
1.751222848892
2.832299947739
1.624874949455
2.500026941299
0.050226774067
1.916926622391
0.123392328620
1.884318351746
1.500266194344
1.457506537437
1.590116143227
1.753612756729
2.967317819595
2.097037792206
1.666662454605
2.366065979004
1.891249299049
1.677005767822
1.933663964272
1.377156972885
0.058870837092
1.631596207619
1.595008611679
1.748460054398
1.923307776451
1.684197664261
2.136836767197
2.403793573380
2.455253362656
1.649786710739
2.784049749374
1.553002595901
2.014301538467
1.478636384010
2.195334196091
1.665567755699
1.824384212494
1.672520041466
2.250042676926
2.392520427704
0.046602275223
1.881875634193
1.770160794258
1.804583668709
1.594929337502
2.124171257019
-0.171387806535
2.010514974594
-0.204353764653
1.733520627022
2.771772146225
1.836714506149
1.695176959038
2.456340074539
1.791979312897
1.956984639168
