470.866027832031
16.268016815186
833.792419433594
478.751068115234
-75.043884277344
-265.280914306641
-200.570343017578
554.903930664062
-225.090118408203
45.796623229980
-511.895507812500
169.691604614258
58.255645751953
-16.735662460327
670.168273925781
-624.859436035156
-165.154541015625
-247.591247558594
470.687805175781
35.422290802002
100.490707397461
408.310089111328
315.684020996094
-456.932861328125
460.361572265625
-362.227386474609
-1048.687744140625
-215.666061401367
-442.812988281250
-612.568054199219
-979.531555175781
-1057.225219726562
-1194.603881835938
291.377532958984
-45.155189514160
-175.385604858398
320.173187255859
1278.559570312500
114.711471557617
-5.959994316101
-754.636779785156
145.056198120117
-373.370788574219
-640.769226074219
-1196.649047851562
-139.264389038086
-251.774703979492
334.311004638672
-92.238113403320
349.698028564453
249.687805175781
-99.109390258789
-868.910278320312
316.575286865234
-153.853378295898
-266.550567626953
159.110137939453
615.638183593750
-833.088317871094
156.216339111328
129.818801879883
-64.973075866699
1065.709838867188
297.497863769531
540.855224609375
-563.887329101562
174.906143188477
815.166320800781
383.172729492188
-995.779296875000
452.674316406250
938.447265625000
-306.517425537109
-250.641860961914
160.205978393555
75.310134887695
282.898284912109
-328.993286132812
372.450683593750
686.040100097656
437.102386474609
244.605056762695
691.667602539062
62.494094848633
-337.417633056641
94.358222961426
-336.787597656250
128.296066284180
-1056.824951171875
190.961380004883
-5.052419662476
-280.622070312500
1009.024414062500
175.094314575195
-577.073730468750
-253.737823486328
403.094207763672
-483.073638916016
193.976409912109
177.566619873047
222.521133422852
6.096444129944
212.468429565430
-618.285827636719
-1000.938903808594
238.365234375000
244.104873657227
528.691284179688
-1084.750488281250
-632.279357910156
-72.073616027832
698.666625976562
209.605346679688
475.423431396484
67.588859558105
-737.606323242188
378.899414062500
-38.258060455322
-636.057800292969
110.993461608887
-122.732528686523
-117.659729003906
-1183.665283203125
-1100.651855468750
-123.158164978027
1234.765869140625
-658.633666992188
126.691436767578
204.749526977539
550.047058105469
-677.719482421875
-598.674072265625
194.044479370117
-437.375061035156
259.877319335938
491.807769775391
-157.765182495117
-508.499847412109
150.907760620117
23.265695571899
1451.750976562500
54.804107666016
-759.165100097656
305.925964355469
-1207.134033203125
219.957260131836
966.142272949219
286.586273193359
-133.019332885742
33.053985595703
-285.744628906250
220.296203613281
-226.601928710938
-438.521118164062
17.990009307861
-46.672344207764
-299.083892822266
-862.830871582031
-395.035125732422
697.294250488281
-499.308441162109
-139.472595214844
23.459079742432
-492.688873291016
754.315795898438
-431.459716796875
-274.214965820312
342.665527343750
-776.557800292969
-221.024703979492
-1045.468261718750
-426.174224853516
-50.560390472412
248.840988159180
-696.849914550781
-1023.298034667969
-74.460937500000
162.794555664062
-26.139190673828
722.239807128906
213.292190551758
815.520263671875
-1044.392089843750
-273.282623291016
-215.196273803711
1096.282958984375
334.925354003906
-376.440368652344
-114.629859924316
388.189178466797
427.534484863281
-315.683532714844
116.346817016602
128.463653564453
891.382629394531
415.378173828125
767.192687988281
442.810852050781
-189.748641967773
-188.010833740234
816.066650390625
471.292480468750
-334.790435791016
-305.657714843750
-136.937164306641
373.737274169922
550.475402832031
-201.440612792969
536.775695800781
74.678031921387
125.989562988281
-284.513702392578
-513.308288574219
720.808288574219
-155.269653320312
90.822418212891
-195.015502929688
-1111.477539062500
834.656311035156
-175.492279052734
-330.623046875000
334.125823974609
107.881050109863
289.200347900391
-363.150421142578
1197.425170898438
719.820495605469
-386.636505126953
300.304046630859
-601.057617187500
3.212457180023
661.636901855469
408.511383056641
79.178306579590
-323.386138916016
598.461730957031
548.746948242188
676.432861328125
-241.195495605469
572.717956542969
85.504272460938
-1134.632324218750
429.985137939453
-167.095870971680
395.525115966797
-605.817199707031
-256.950378417969
189.853149414062
25.503362655640
38.755046844482
534.202941894531
487.010192871094
116.531555175781
-271.438018798828
214.845565795898
-554.726013183594
-684.040649414062
-426.734527587891
318.542816162109
-242.501907348633
307.803588867188
-190.689346313477
588.803405761719
980.471435546875
-109.247550964355
98.911148071289
100.619743347168
328.309631347656
174.180984497070
279.602783203125
98.630706787109
289.130493164062
679.298583984375
178.885604858398
135.088836669922
740.303222656250
-249.321411132812
-133.583663940430
680.683410644531
309.596405029297
411.839721679688
338.097015380859
-142.193023681641
205.623092651367
-458.642486572266
-167.438629150391
484.368560791016
62.262168884277
-576.184204101562
225.412277221680
137.286636352539
159.634872436523
-190.139968872070
108.296592712402
164.823394775391
-100.724578857422
-676.019714355469
-648.726501464844
91.017890930176
325.685546875000
-920.555419921875
-737.840942382812
-909.625488281250
665.379882812500
-69.666564941406
-249.543350219727
612.029113769531
246.288604736328
-269.121551513672
-99.327697753906
61.624176025391
-1028.333251953125
144.708694458008
303.200592041016
-858.276672363281
-549.320434570312
84.553092956543
425.569671630859
-190.507278442383
-320.102264404297
1054.822998046875
303.989990234375
158.362457275391
117.055847167969
436.253997802734
1172.851806640625
-886.731872558594
-1698.914184570312
30.621397018433
215.032989501953
1114.558959960938
150.216873168945
748.022583007812
198.627517700195
166.953399658203
297.649902343750
341.179687500000
-37.760559082031
-315.338348388672
-166.472183227539
157.216506958008
662.589843750000
429.076171875000
-247.406417846680
10.387388229370
166.512405395508
-510.501647949219
885.327209472656
-313.180755615234
-314.569244384766
269.542938232422
-405.066894531250
-73.374259948730
73.448905944824
-454.394256591797
-882.136962890625
-318.308135986328
137.055603027344
170.597351074219
-85.916404724121
-245.289535522461
-251.774475097656
-16.368780136108
-221.275863647461
79.537040710449
340.534057617188
528.930358886719
-330.081634521484
-876.288513183594
65.533355712891
-862.545898437500
593.725036621094
15.816812515259
728.065185546875
583.940917968750
1034.872192382812
-360.114349365234
-383.005157470703
-823.563415527344
-27.410257339478
-151.852691650391
-387.163757324219
-713.554016113281
763.188659667969
-418.432617187500
-206.027313232422
398.897521972656
-7.472178459167
-416.114227294922
711.811340332031
391.803039550781
-413.842681884766
1806.497924804688
442.225219726562
351.488250732422
638.219726562500
91.028190612793
-96.659271240234
-210.654129028320
-44.773246765137
665.875915527344
-178.447952270508
223.388717651367
801.258789062500
-62.643077850342
92.831329345703
257.202331542969
111.397651672363
202.607604980469
-781.453735351562
1478.417968750000
416.789764404297
325.515777587891
-691.191162109375
250.559768676758
8.154629707336
-37.157348632812
334.877319335938
-720.527221679688
4.258589744568
-883.719421386719
-428.844940185547
-368.643951416016
673.190307617188
-354.674896240234
-853.927062988281
-283.625946044922
36.727123260498
-569.205322265625
-892.417297363281
-355.868377685547
252.126342773438
322.828613281250
554.924072265625
234.282104492188
402.526275634766
121.375450134277
434.150817871094
36.021003723145
358.543182373047
82.768562316895
-699.963195800781
-692.803100585938
589.309692382812
70.392272949219
-1079.704956054688
-136.536026000977
189.033264160156
-663.414245605469
-874.845153808594
123.041954040527
-423.688415527344
169.478027343750
648.721496582031
124.392509460449
171.039764404297
-76.200424194336
384.043518066406
-193.898696899414
165.666687011719
886.164794921875
-81.267005920410
396.472076416016
-176.090240478516
-226.093902587891
125.607429504395
19.809606552124
-584.078674316406
854.345520019531
-529.978759765625
-972.172790527344
302.871124267578
-430.264068603516
-670.170593261719
102.917579650879
1089.909667968750
1237.100219726562
-274.359680175781
-59.474067687988
219.475646972656
-230.407257080078
547.957580566406
38.353855133057
-147.328796386719
-1156.548095703125
243.979339599609
460.596038818359
242.232940673828
-360.610504150391
473.989196777344
-648.437683105469
103.847991943359
-225.614364624023
379.974945068359
234.455032348633
436.046203613281
-74.507019042969
244.500564575195
-204.430175781250
210.913848876953
-398.624267578125
231.421096801758
-296.214477539062
-1268.878173828125
-55.097301483154
102.518234252930
194.957336425781
-11.048990249634
88.400718688965
-284.259246826172
41.155391693115
-1662.252441406250
-275.918853759766
317.059844970703
374.986694335938
-882.619628906250
707.467346191406
-133.350021362305
213.484115600586
-276.298706054688
-198.200988769531
-234.662704467773
401.731903076172
604.182006835938
286.135070800781
-245.866104125977
-183.900192260742
371.196777343750
-533.068054199219
-529.696289062500
-322.555175781250
-150.575042724609
-207.153549194336
15.889650344849
1397.419311523438
-121.847610473633
-176.898483276367
-243.109954833984
-99.606231689453
-283.370330810547
-272.222961425781
-459.578155517578
-1005.539123535156
-324.244842529297
-31.232305526733
77.170997619629
962.276367187500
-688.549011230469
-547.009216308594
757.434143066406
752.499084472656
373.993041992188
-244.681320190430
173.653671264648
-145.284286499023
88.107948303223
843.025634765625
-74.237869262695
111.486778259277
-18.078306198120
-370.471008300781
-883.450866699219
-840.198181152344
106.431892395020
557.616882324219
63.723400115967
-450.426391601562
741.936828613281
-52.705005645752
133.280426025391
57.723110198975
141.440597534180
683.401916503906
1022.226440429688
-646.518249511719
-115.558982849121
-85.627304077148
396.649200439453
-657.211669921875
429.150238037109
560.184570312500
-47.715312957764
282.925842285156
-959.541076660156
95.635032653809
-29.800895690918
-433.777709960938
226.786972045898
-132.006454467773
-740.501403808594
-327.344818115234
-99.268165588379
-395.943969726562
-568.179748535156
80.024749755859
360.685363769531
718.124084472656
-63.068206787109
748.254577636719
-1033.932128906250
-85.294395446777
268.797210693359
-138.697128295898
223.882797241211
257.336730957031
-532.646118164062
1026.088989257812
-643.966918945312
22.423257827759
-5.599816799164
-31.903554916382
25.410301208496
113.450714111328
-695.728271484375
1241.451782226562
518.575256347656
630.919494628906
-591.285766601562
145.808517456055
156.090286254883
-113.827880859375
397.647827148438
-756.909240722656
-38.087467193604
-265.803527832031
315.202880859375
-182.722045898438
-415.060485839844
-466.891754150391
-488.195129394531
-1555.086303710938
590.174621582031
-51.709201812744
334.325347900391
64.970886230469
-516.382446289062
-963.245605468750
570.057189941406
368.081726074219
-748.797363281250
157.401351928711
74.662139892578
899.773986816406
169.678070068359
-408.234954833984
1121.761474609375
-116.745162963867
641.178466796875
719.236450195312
760.839355468750
514.023803710938
135.696914672852
766.635681152344
-14.845987319946
258.180053710938
490.134155273438
716.510925292969
-687.567871093750
-569.566528320312
-190.488815307617
-409.565643310547
-426.882263183594
-315.661102294922
-500.512481689453
-491.445526123047
-544.586364746094
-616.649902343750
622.356262207031
-471.848663330078
-283.010375976562
376.362030029297
-404.898223876953
-257.143005371094
224.984924316406
-326.610504150391
-275.624786376953
-692.386962890625
-351.832855224609
-159.874053955078
122.873565673828
96.096900939941
900.586669921875
480.259826660156
221.205749511719
454.302856445312
869.938659667969
-340.705230712891
16.585840225220
238.385589599609
-281.674407958984
768.510253906250
-274.314056396484
-543.580261230469
-1088.709472656250
427.133483886719
-9.976798057556
221.009582519531
780.315063476562
155.066650390625
13.712995529175
-39.331672668457
141.374725341797
385.749572753906
343.856964111328
-617.239746093750
-264.691070556641
-272.973022460938
514.885375976562
-61.329338073730
-41.060386657715
120.988243103027
29.093372344971
1041.973388671875
800.423950195312
607.881225585938
-1165.595947265625
460.616760253906
233.038970947266
404.568023681641
178.597152709961
597.654174804688
568.208129882812
-26.235395431519
285.515045166016
666.619140625000
-1092.874267578125
387.290222167969
1124.349731445312
195.603195190430
-274.153717041016
-22.972621917725
-332.077514648438
627.940429687500
457.240875244141
-140.838424682617
479.020324707031
802.200378417969
-1360.709838867188
926.679870605469
-54.015117645264
-70.852760314941
220.517013549805
234.445480346680
502.030426025391
601.654724121094
612.106262207031
6.055706977844
-98.817451477051
131.607666015625
-93.616905212402
-449.329284667969
318.169616699219
-348.129302978516
487.933471679688
-332.716278076172
1176.634155273438
-16.896888732910
-66.608985900879
208.617553710938
-791.237731933594
-450.862579345703
-605.029602050781
-15.178042411804
254.481063842773
-456.810546875000
-639.376464843750
28.560792922974
438.149719238281
344.771820068359
-129.691101074219
280.434112548828
-215.372482299805
-212.829467773438
-125.636238098145
257.234283447266
447.496154785156
-292.162017822266
231.182144165039
-840.036743164062
-186.693359375000
344.887329101562
272.822235107422
303.995544433594
185.401718139648
524.633300781250
-139.374862670898
-786.444213867188
-354.865783691406
-58.817382812500
-618.650268554688
85.814186096191
769.642883300781
68.191123962402
-198.753829956055
-248.230316162109
-32.209957122803
74.111412048340
-125.012641906738
180.863220214844
-267.594909667969
-138.712051391602
-166.426422119141
742.968078613281
229.477096557617
-305.649139404297
58.333934783936
-1544.640625000000
-280.178375244141
203.261962890625
-44.061477661133
982.457763671875
-886.930969238281
80.477653503418
-171.497833251953
372.841461181641
105.824218750000
153.096939086914
-344.578796386719
-254.024368286133
627.860778808594
-141.534561157227
83.742652893066
180.098587036133
389.583496093750
533.285095214844
-101.288894653320
-376.248474121094
454.319305419922
-117.907310485840
-443.452087402344
158.614166259766
-403.520019531250
197.805480957031
-125.453544616699
8.056591987610
38.813179016113
-81.529685974121
-355.542938232422
110.454582214355
249.808670043945
-200.841445922852
-843.572570800781
162.965042114258
-715.136779785156
1015.072875976562
-486.344604492188
292.436676025391
-33.652000427246
127.726478576660
112.466018676758
-1043.388061523438
30.144401550293
-147.613983154297
9.276733398438
119.069122314453
-250.258132934570
772.284790039062
-147.801864624023
971.118041992188
-1110.231445312500
-591.512756347656
-204.361450195312
-589.994934082031
-627.282836914062
102.672111511230
-610.481140136719
1057.849121093750
652.124572753906
-39.719810485840
372.698638916016
544.553405761719
-232.188995361328
-466.549377441406
-23.074256896973
853.517517089844
272.458099365234
-211.374954223633
112.014877319336
-283.518981933594
941.125305175781
260.162933349609
730.248901367188
-64.338256835938
-171.807174682617
-642.392028808594
-269.266510009766
-277.074035644531
370.720672607422
-576.615783691406
253.885650634766
-686.530578613281
-430.469238281250
-508.550933837891
-189.853042602539
-568.644714355469
716.762573242188
332.114379882812
-656.838867187500
-51.326984405518
286.741790771484
-106.787635803223
531.618347167969
-876.764404296875
-481.898284912109
-329.069732666016
367.585510253906
1237.037841796875
-61.782062530518
278.974365234375
-455.988647460938
-603.642700195312
348.415710449219
-419.032592773438
-607.991699218750
197.269271850586
-488.211608886719
379.349365234375
-564.811218261719
54.315002441406
-190.175994873047
-114.789558410645
-237.214294433594
-249.672851562500
866.455505371094
-678.897399902344
-145.013809204102
663.684143066406
1099.077392578125
393.778350830078
-136.341827392578
12.430007934570
137.730285644531
137.127593994141
-256.910736083984
1065.070312500000
0.971145451069
-525.281982421875
177.682861328125
-566.466125488281
-557.309509277344
-1216.904052734375
327.866851806641
-1253.734008789062
3.865551948547
99.714027404785
-490.137298583984
622.342529296875
760.710327148438
97.166648864746
412.750335693359
799.319885253906
-571.206176757812
445.893646240234
478.099639892578
-1095.928710937500
-302.644805908203
-86.169868469238
-201.232238769531
611.646667480469
666.594177246094
-329.303070068359
-362.889984130859
-96.029121398926
-165.038452148438
-203.213333129883
-210.205215454102
810.873901367188
93.336074829102
-158.331344604492
-607.405151367188
177.035507202148
-516.830444335938
350.260314941406
40.151958465576
-87.607299804688
-765.055236816406
-454.349975585938
-860.738464355469
21.942039489746
-1.529124975204
4.474279403687
-238.445190429688
312.641906738281
-120.442619323730
989.620971679688
1322.680175781250
-191.211914062500
1098.354248046875
-60.855415344238
1.458147525787
-581.000793457031
672.271362304688
-292.006439208984
-303.998382568359
-1049.333984375000
-1139.677246093750
339.255218505859
-209.265716552734
1489.703125000000
185.116928100586
85.752716064453
-300.868469238281
-86.352424621582
631.710327148438
1047.603637695312
-179.026824951172
-371.469726562500
-916.557006835938
611.423706054688
-243.607116699219
965.744506835938
-91.461715698242
406.358184814453
-242.824020385742
-149.498641967773
327.322448730469
56.388961791992
-593.658813476562
441.428009033203
-421.234680175781
282.350738525391
-654.039733886719
363.354339599609
214.479019165039
