1.565244913101
-0.280767887831
-2.513732671738
0.293866544962
1.584459781647
-0.400344520807
1.941649436951
0.070720359683
-1.955408930779
2.019564151764
-1.564620733261
1.868583440781
2.001282453537
-0.287242472172
-1.971642851830
2.361732006073
1.061995148659
-0.229229152203
-2.013887166977
1.942916393280
-1.609249591827
-1.919860124588
-1.800016522408
-1.682245612144
-0.134832039475
-0.022713776678
2.488742113113
-2.542329788208
1.912448644638
2.246952295303
2.661379575729
2.753771305084
1.958609819412
-1.740160584450
-1.451823472977
-1.543689727783
-1.950698494911
-1.647215604782
0.943458914757
0.002543299459
2.210625410080
-1.764255046844
1.800617694855
2.316286563873
2.014940738678
-1.921915650368
-1.489898085594
1.850058317184
-0.603660464287
1.270551800728
0.996675610542
-1.478147983551
1.652855038643
0.887718856335
-0.062468938529
1.959182024002
-1.774775981903
1.534852385521
-1.210389852524
1.777854323387
-1.621142745018
0.144711002707
-1.802496671677
-0.481759965420
-0.559853672981
2.024350404739
-1.760532021523
-1.967518806458
1.298195958138
1.860359668732
-2.079415798187
-2.230191946030
-0.050317015499
1.641220211983
-0.081556916237
-1.234667897224
-2.003206253052
0.600851535797
1.782349109650
2.217787504196
-2.025358676910
-0.123112358153
-1.868527770042
1.568793535233
2.081701755524
1.408024787903
-1.854793667793
-2.147225618362
2.290303707123
-0.080696500838
1.328019618988
0.126173317432
-2.061730146408
0.121923960745
2.474315881729
-0.540626525879
-1.696640849113
0.118490509689
1.340639710426
1.407330393791
1.952479243279
-1.974993944168
-0.819759666920
2.366376399994
2.410396814346
-2.275888681412
-1.756527900696
-2.159787416458
2.005342006683
2.212152242661
-1.898416161537
-0.654732286930
1.217858910561
-2.232449054718
-1.685031890869
1.932026267052
1.523740887642
-1.718651175499
2.048235177994
-0.347574263811
0.994508743286
-1.841718673706
1.981179594994
2.109786748886
0.065346315503
-1.844739437103
1.138587355614
1.259147167206
-2.216844081879
-1.426966190338
1.804030537605
2.293464899063
-1.630043148994
2.433783054352
-0.129576832056
0.855920016766
-1.530369162560
2.407656192780
-1.906061172485
1.892051458359
-2.211651802063
1.738831520081
0.842893660069
-1.425773024559
2.230339765549
-0.395171225071
-2.278901100159
1.024317264557
-0.228469893336
1.933305263519
-1.863135218620
-0.923555552959
2.048791408539
1.959518313408
0.483592391014
0.297197461128
-1.953076839447
-0.380551636219
-1.619776129723
-1.120236754417
0.108379378915
0.753481745720
1.666799187660
2.306128978729
-2.479167938232
2.093877792358
0.502346456051
-0.472419559956
2.255194902420
-1.938950896263
2.450192928314
-2.030380487442
-1.764865756035
0.351784646511
1.656425118446
2.422492265701
1.963867664337
1.747651338577
-2.011735677719
-0.227974131703
0.709631085396
1.898161292076
2.159564733505
0.055290553719
1.937345027924
-2.677086830139
-1.858631253242
2.310460329056
-1.863856315613
-1.255513191223
-2.030020952225
0.027371104807
2.066426038742
0.003052336862
-2.422422885895
-1.726229071617
-2.093539476395
1.920611500740
-1.797641515732
1.198021650314
0.011756825261
-1.933829188347
-2.062228202820
0.002157298382
-0.034640066326
-1.836807250977
-2.207264900208
1.687529325485
1.758973479271
-1.751756072044
1.563546657562
-0.586698055267
2.022006988525
-0.244682535529
1.690958976746
-0.121465109289
1.417968392372
2.569832324982
-2.378320932388
0.216255709529
1.105811834335
0.627689301968
-0.864409923553
-1.799467682838
2.087100505829
-2.654458522797
-1.548089027405
-1.415537476540
-1.597182154655
-1.711731553078
1.865714550018
0.032954443246
-0.762399375439
-2.140201807022
-1.797308087349
-1.207403182983
-0.911001622677
-2.568594932556
-0.958677411079
-1.610519170761
0.238783136010
-2.012830734253
-1.814686894417
1.971537232399
1.505451679230
1.780990839005
1.705736756325
-1.997016191483
0.249616056681
1.553806424141
-2.203305006027
0.646209955215
-1.852584004402
0.828590333462
-1.895368337631
-0.752018749714
2.514714479446
-0.739779412746
-1.774795293808
2.222962141037
1.731775164604
-2.031637430191
1.950763344765
-2.842860221863
1.991175532341
0.106318213046
-0.256168693304
-0.143389567733
-1.436380982399
-2.243835926056
1.331059932709
-1.785927891731
-1.043337941170
-1.431766748428
1.868741989136
-2.259217739105
1.847689747810
-1.628393769264
-2.228594541550
-2.101076126099
-1.992546439171
2.102574348450
1.435393810272
-1.037316679955
2.007525205612
-1.717031240463
-2.142114639282
-1.640228390694
1.548721909523
-1.681343436241
1.140316486359
1.776317000389
-0.276953786612
-1.466340422630
-1.439912080765
-1.827144026756
-1.097072124481
-0.740934610367
1.436841249466
-2.062700271606
1.952921867371
2.006426811218
0.577515363693
-2.037218093872
1.229961872101
-1.476708173752
-0.458650588989
-0.678766965866
1.515673875809
-1.935082674026
1.631601929665
2.671759605408
-1.975915074348
-1.708666443825
1.997807025909
0.490730166435
-1.670949339867
-1.455531477928
-0.811341941357
-0.212344095111
-2.108204841614
-1.999607682228
0.990631818771
1.860498428345
-1.980887532234
-2.309673786163
1.646033167839
2.104022979736
1.761816740036
-1.779447317123
-2.211995363235
0.426856726408
1.839163541794
-1.859746336937
-1.212873101234
-1.866187095642
-0.346066921949
0.640426218510
-0.149956360459
-1.880538940430
-1.784871459007
0.692555308342
-0.905556738377
1.757019162178
1.606078624725
0.229333013296
2.259910106659
-2.025362968445
-0.233453109860
-1.366652727127
0.368289470673
0.136559218168
-1.914189934731
1.953890204430
1.430573821068
2.556068420410
1.688177466393
-0.878160178661
1.524634361267
0.209604114294
1.563857197762
0.171367213130
-1.759159564972
-1.841458201408
1.525892019272
-1.137972712517
-2.224586963654
-0.325048714876
-1.828880906105
-0.173805534840
0.229104340076
-1.520403623581
-1.293493151665
-1.934797763824
-2.283109664917
-2.216199398041
1.407032251358
2.102494955063
2.484887838364
-1.540443420410
1.556995153427
1.654541134834
-0.346280217171
0.944972515106
-2.052310466766
-1.707322120667
-0.095158345997
-1.065435171127
0.326344847679
-1.893179297447
-2.134971141815
1.025135874748
-2.203945159912
-1.119510531425
-0.215049684048
-1.615192413330
-0.039030369371
2.005580425262
1.765882968903
1.410775423050
-2.105810165405
-1.528383851051
-1.939720273018
-1.988802433014
0.025606889278
1.976399660110
-1.829156756401
0.812545537949
-1.747085213661
1.914038181305
-1.900902271271
-2.504350662231
1.761724114418
2.054181337357
-1.411682605743
-1.424263477325
-0.735895276070
-0.656612038612
2.110506772995
-0.380919605494
1.872022986412
-0.405166685581
1.420833110809
-1.976017713547
-1.769298553467
2.056714296341
1.948575973511
-1.266176581383
2.556159973145
1.788756847382
0.200778841972
-1.894163370132
-2.287666082382
-2.186253309250
2.087633848190
-0.986085116863
1.590603947639
-0.930005967617
-1.975290179253
-1.609674692154
-1.971411585808
2.458719730377
-1.409811735153
-2.666979312897
-1.672146677971
2.023855209351
-2.172096729279
0.960734188557
2.667570352554
1.797623515129
-1.996946811676
1.847869515419
-1.998179197311
-1.868828296661
1.646932601929
-1.820988297462
-1.004791378975
-2.114844083786
0.866734683514
2.224801778793
-1.873471140862
-1.735739231110
1.586458325386
2.041217565536
-0.463546067476
-2.066360473633
1.532349586487
1.531102538109
-1.899311423302
0.237763673067
1.240366935730
-2.108740091324
-1.543931841850
2.011516571045
2.051555871964
-1.982083082199
-2.580420494080
-0.405771791935
-1.627584576607
1.584674954414
-0.082070678473
-1.775339245796
1.981937766075
-1.448758840561
2.226642131805
0.012190298177
-2.276763916016
-1.973356842995
1.717000603676
-2.161127805710
-1.842462897301
1.617298126221
2.141214847565
-1.226402044296
-2.045171260834
-1.611837148666
1.780352711678
-0.571870863438
-2.047779560089
0.222728461027
2.305552482605
1.595970988274
-1.957641601562
1.973195195198
1.872657895088
-0.663165450096
-1.588923215866
1.485691428185
0.133131325245
-1.493241310120
-1.979788661003
1.828914284706
1.689121603966
-0.496048569679
-0.102376572788
2.613361120224
-1.748323917389
-1.934459686279
-1.979794025421
2.005166769028
-0.688404142857
1.937043547630
-1.964041352272
-1.727218747139
-0.914579212666
0.919448196888
-0.054417435080
-2.226161718369
1.885914444923
1.870651125908
0.470363259315
1.554330825806
2.192785978317
0.241719871759
1.714958667755
0.561969101429
-0.748669087887
1.712711930275
2.265201330185
1.885247230530
0.855117499828
-1.054688811302
1.189202308655
2.190006017685
-1.135056853294
-0.421859025955
-2.114474773407
2.058542966843
2.005963325500
1.271314620972
-1.911292791367
-2.088030815125
2.158759117126
-2.131034851074
-0.409171104431
-1.691899538040
-1.651621580124
-1.200130343437
-1.104133367538
0.143821477890
1.898503184319
-1.673567295074
2.386365890503
2.030250549316
-0.122425384820
1.688835382462
-1.023023605347
0.298669070005
-0.181656554341
1.492404103279
1.504153251648
1.806430816650
-2.348651170731
1.660029411316
2.175573110580
0.361170172691
-2.248975753784
-2.097974538803
1.740818500519
0.053824309260
-2.339699983597
-0.316358953714
-1.197411060333
2.198553323746
-1.654162645340
1.417560338974
1.536237835884
-1.059334516525
1.385434865952
2.392043590546
-2.269087314606
0.564906537533
2.182865619659
2.071325063705
1.381626844406
-1.817399144173
-2.004473686218
-0.690060019493
-2.325568675995
0.099255919456
1.898504376411
-1.885570049286
1.928335070610
0.194446370006
-1.819263339043
1.646128892899
1.926426649094
-1.480968236923
1.811895608902
1.068715095520
1.795144438744
-1.907317042351
0.601095855236
1.862552404404
-2.145961999893
1.677780389786
-2.178316831589
-0.528736233711
1.858569622040
1.409634351730
0.041477132589
-2.171111345291
1.341677427292
1.665295124054
-0.970768451691
1.561551332474
-0.007004214916
-1.624683499336
-1.329403162003
-1.083729982376
1.754384279251
-1.958480119705
-1.259046912193
-2.022141456604
1.925106048584
0.768179297447
-1.294103384018
-2.209755182266
-2.135325670242
-0.115746393800
1.405212163925
-1.256341457367
-2.239526033401
-1.818894147873
-0.589283883572
1.707148194313
-0.142551824450
1.540382623672
1.983531236649
1.511580944061
1.829427838326
1.210741519928
-2.161407470703
0.082831151783
-2.200461149216
-1.934176325798
-2.487774848938
2.045876026154
2.884337186813
1.613617181778
2.386740207672
1.784620285034
-1.050823211670
2.054870605469
-1.585453033447
1.854174494743
0.836065649986
-1.064730405807
1.011896371841
2.241796016693
-2.239140272141
2.248732089996
1.933921217918
-1.968730926514
-0.041577119380
0.335722833872
2.231390476227
-1.129093647003
-2.135644435883
-2.124458551407
0.568188548088
-2.031533718109
-2.172112941742
0.086228452623
0.038779586554
-1.847005128860
1.199199795723
-0.060395296663
0.054545223713
-1.573073029518
-2.103364706039
1.702811002731
1.217680811882
2.231104612350
1.174445629120
-0.205250695348
2.153262376785
-1.900411009789
-1.982288360596
-2.464242696762
-1.701452851295
1.755489945412
1.418050527573
-1.027417778969
1.131309509277
-1.242387890816
-0.089446268976
-2.140874147415
2.082079410553
2.026118278503
-2.002475500107
-1.849049925804
-2.997936725616
-0.009774113074
-2.046064138412
2.654016256332
2.090809345245
-0.031465966254
-1.985931038857
-1.584116578102
-2.150577545166
-1.793065428734
1.636053800583
-1.592531800270
-2.068049669266
0.244895875454
1.484183073044
-2.062033414841
-1.854501724243
2.608950853348
-1.822932958603
0.164341226220
1.730357646942
1.725692033768
2.221548080444
1.501706480980
-2.100018501282
1.743501543999
-2.474058389664
-2.065344810486
-1.994738340378
-0.002273054793
-1.822282195091
-2.333225250244
-2.185010194778
-1.883923053741
0.129586488008
1.755186080933
-1.021893858910
2.284657239914
1.503339052200
2.065622329712
1.847766041756
-0.063684217632
-1.792420744896
-1.845168471336
2.369957923889
-0.146699696779
-1.830226063728
1.993182420731
2.576195478439
2.157873153687
-1.976822733879
2.157271385193
-0.128701880574
1.930488824844
-0.092579588294
1.295679211617
-1.736703038216
-1.382507681847
1.696062088013
1.753333210945
-0.136151432991
0.579542338848
1.398617267609
-2.364518880844
0.934440314770
-2.134073257446
2.294600248337
0.467229127884
1.591672182083
1.595167398453
-2.195410013199
-0.137452036142
-2.064655303955
0.204515919089
2.228685617447
1.102928042412
-1.014228940010
1.946976542473
0.577792704105
-2.043751955032
-0.581393361092
-1.783488273621
0.752256751060
-1.244638800621
1.026662349701
-0.066643506289
-1.961083412170
-0.110164217651
-0.868350267410
1.890722155571
-0.511242926121
-1.869782924652
-1.510179400444
0.478142559528
1.560134649277
0.880029380322
-1.960154533386
-2.002712965012
0.886468589306
2.244230031967
-1.883631110191
1.752954840660
-1.727621078491
1.972820281982
-1.967595934868
-0.285149544477
-2.032627582550
0.250890493393
1.984947681427
-0.228267922997
-1.848475813866
1.726444125175
1.070137739182
1.493034958839
2.125668287277
1.995373249054
1.074520707130
1.342043042183
-2.116826057434
2.065623283386
-1.790804147720
1.659169793129
1.317261695862
-1.753928065300
-1.872400760651
1.945435881615
1.936419844627
2.077964305878
2.125758886337
1.744713783264
1.661806225777
1.836898446083
-1.639842629433
2.053392410278
-1.782182812691
-0.201787203550
1.593157172203
-1.792287826538
1.972845673561
1.989755868912
0.010115886107
-0.363544642925
-2.347613811493
2.294947624207
0.238021358848
0.315335065126
-2.399746179581
2.607299566269
1.439562916756
-0.429171413183
0.253112018108
-0.988094449043
0.067872114480
-1.803441047668
-1.949284553528
-1.914876937866
2.273415327072
-1.786610245705
-2.315615892410
-0.251146018505
-1.761023283005
1.959991455078
-1.894336819649
-0.074378646910
-2.103381872177
-1.555020809174
-1.760725617409
-0.891866862774
1.699536204338
-2.031220197678
-1.900695204735
-1.488160848618
1.121985316277
-0.219394430518
2.199535608292
-1.513917565346
2.059025764465
1.677098870277
1.549815297127
-1.681599259377
2.392282485962
1.586088061333
1.992810845375
-1.656044960022
-1.943172454834
2.061089515686
-1.600131750107
1.275421023369
1.870776057243
-2.011608600616
2.542756319046
2.179965257645
1.665004849434
1.667697548866
1.050650477409
-1.601020216942
-0.719636321068
2.194390296936
1.907076239586
-2.374617815018
2.329970836639
1.971365690231
-0.185484349728
-0.660233616829
-1.351508617401
-0.165643468499
-1.053604245186
-1.929220676422
1.685806393623
2.307134866714
0.320201069117
-1.306103706360
2.490263700485
1.925511002541
0.215269684792
2.087836265564
-1.367587685585
1.628872871399
-0.153612971306
-0.806288778782
-0.084934435785
1.867924332619
-2.334418296814
2.109987020493
1.692201972008
-1.450703024864
0.813985884190
2.414829969406
1.570275664330
-1.547793745995
1.966025829315
0.175180494785
-1.216974139214
-1.525120139122
-1.953150391579
-1.989800095558
-0.203069314361
-2.080911874771
1.982672810555
-1.427822589874
-2.164018869400
-0.767000257969
2.524837017059
2.080685853958
0.260447233915
1.374184250832
-1.667464256287
-2.155081272125
-1.771720647812
1.779764890671
1.873862624168
1.093688011169
0.183628082275
2.277878999710
0.467004209757
1.288893461227
0.975516676903
1.721870779991
1.395359754562
-0.143876284361
-0.101252175868
-1.917745113373
0.188865631819
1.963921666145
1.895850300789
2.242056369781
1.099900960922
0.820849239826
-0.731773316860
1.725015521049
-2.208231210709
-0.368861377239
-2.243885993958
1.998532891273
-1.695371389389
-2.176066160202
1.266706824303
1.923954963684
-1.479462862015
-2.594742774963
0.136406913400
2.010650157928
2.003501176834
1.857231378555
0.711531341076
-2.086543560028
-2.031472682953
-2.259479284286
-2.429907321930
1.848850250244
0.928606510162
-2.173072576523
-1.813189744949
1.969040155411
1.445558309555
2.101308822632
-1.245728135109
-2.113981962204
-2.837620258331
2.067912817001
-2.205501556396
0.363109856844
0.214637860656
1.705592036247
0.178983911872
1.908023834229
-0.634143412113
2.002535581589
-1.780041098595
2.033621549606
-2.060920953751
1.964830398560
