23017.177734375000
73560.265625000000
16766.222656250000
40565.503906250000
18809.140625000000
57250.847656250000
19148.156250000000
26049.589843750000
24326.613281250000
17747.519531250000
19231.607421875000
23203.025390625000
17459.800781250000
75543.609375000000
15857.654296875000
20072.218750000000
41727.765625000000
32872.570312500000
24636.498046875000
11905.670898437500
18214.941406250000
14013.611328125000
19364.291015625000
51641.140625000000
61734.203125000000
60121.218750000000
19738.568359375000
13630.882812500000
29608.923828125000
16081.012695312500
18236.378906250000
17024.742187500000
20411.890625000000
43738.171875000000
15519.519531250000
16647.314453125000
14199.267578125000
33872.921875000000
25620.482421875000
36112.761718750000
16143.666015625000
12937.653320312500
27970.427734375000
25437.558593750000
41044.511718750000
22794.240234375000
17237.478515625000
14225.501953125000
56715.992187500000
22164.941406250000
35263.875000000000
20588.462890625000
38088.691406250000
23129.884765625000
38321.734375000000
13530.817382812500
14746.426757812500
16694.263671875000
26053.849609375000
16400.117187500000
20178.037109375000
47940.187500000000
18791.861328125000
51193.718750000000
27663.921875000000
22116.759765625000
24866.197265625000
27664.363281250000
20457.951171875000
25970.982421875000
45291.925781250000
36758.757812500000
46412.632812500000
29252.316406250000
42856.289062500000
26916.001953125000
21606.291015625000
31629.269531250000
24441.312500000000
18924.117187500000
15447.324218750000
45496.296875000000
19775.373046875000
17275.933593750000
15198.896484375000
14322.697265625000
18740.027343750000
14166.341796875000
40200.312500000000
25656.845703125000
28111.671875000000
57083.843750000000
21828.087890625000
33673.292968750000
24134.097656250000
37187.847656250000
20300.722656250000
54809.738281250000
20374.777343750000
53849.625000000000
17361.210937500000
14594.857421875000
37361.144531250000
15592.256835937500
39494.949218750000
14951.193359375000
19526.314453125000
23106.898437500000
31163.132812500000
15299.087890625000
17274.826171875000
50678.992187500000
20731.787109375000
14154.016601562500
23878.841796875000
25677.779296875000
22242.308593750000
31434.025390625000
18343.744140625000
57716.269531250000
26089.337890625000
17884.498046875000
40496.812500000000
40356.007812500000
39448.511718750000
35960.699218750000
43122.964843750000
21268.138671875000
25794.671875000000
21689.015625000000
20143.878906250000
14713.169921875000
17801.914062500000
14436.690429687500
28624.789062500000
19619.640625000000
16422.427734375000
13092.817382812500
19751.335937500000
17515.312500000000
28023.066406250000
23216.816406250000
44665.062500000000
34021.535156250000
16066.783203125000
33345.328125000000
19276.708984375000
32435.882812500000
50231.492187500000
14070.006835937500
17777.501953125000
29302.585937500000
20988.226562500000
20135.955078125000
27139.443359375000
28245.511718750000
13444.948242187500
47453.507812500000
22606.214843750000
45222.300781250000
46821.726562500000
27514.289062500000
15426.260742187500
18503.908203125000
16557.285156250000
18325.996093750000
76052.226562500000
41179.332031250000
35181.398437500000
15267.912109375000
18483.048828125000
23022.951171875000
17115.191406250000
28522.490234375000
31219.951171875000
26011.521484375000
20873.904296875000
20032.000000000000
22264.103515625000
42723.605468750000
28498.244140625000
17204.951171875000
28639.439453125000
42241.804687500000
17434.314453125000
20115.751953125000
24281.619140625000
15656.531250000000
28599.494140625000
47648.742187500000
20185.103515625000
43597.398437500000
17769.751953125000
34627.410156250000
24100.039062500000
18363.148437500000
27153.126953125000
18604.537109375000
21635.884765625000
23326.414062500000
37670.804687500000
14374.717773437500
20021.675781250000
38196.964843750000
46950.464843750000
25088.460937500000
18540.591796875000
21708.273437500000
38440.125000000000
19718.347656250000
23835.343750000000
43762.378906250000
24345.537109375000
39428.062500000000
16426.101562500000
26855.808593750000
17577.394531250000
23885.357421875000
24799.794921875000
44559.265625000000
24905.542968750000
35641.015625000000
38858.281250000000
20148.466796875000
21888.021484375000
14048.227539062500
29161.994140625000
16393.708984375000
20934.542968750000
22605.160156250000
17627.976562500000
37095.488281250000
55396.230468750000
17409.101562500000
19363.039062500000
32713.388671875000
34284.023437500000
14370.416015625000
29060.873046875000
50832.179687500000
33664.257812500000
18083.751953125000
26794.521484375000
37763.785156250000
23198.421875000000
36457.812500000000
24537.949218750000
22220.955078125000
39899.593750000000
23060.035156250000
16015.007812500000
22250.767578125000
20918.716796875000
33321.179687500000
13874.230468750000
28051.957031250000
15571.081054687500
30486.710937500000
17231.261718750000
27556.482421875000
18588.511718750000
24870.810546875000
15446.525390625000
11913.607421875000
23090.867187500000
60389.031250000000
28109.886718750000
53111.449218750000
38493.199218750000
15934.138671875000
23258.699218750000
17245.585937500000
32161.505859375000
26554.419921875000
18691.957031250000
32109.900390625000
26512.140625000000
16239.296875000000
16666.621093750000
16363.175781250000
21592.179687500000
24474.771484375000
30256.289062500000
24344.007812500000
14290.275390625000
19327.875000000000
16989.179687500000
20233.294921875000
29460.228515625000
16649.044921875000
21445.265625000000
16737.664062500000
35312.179687500000
25149.019531250000
23149.564453125000
18062.892578125000
28656.195312500000
42163.011718750000
19152.076171875000
23817.255859375000
19738.916015625000
15093.463867187500
57139.285156250000
16362.992187500000
46686.070312500000
19683.757812500000
61028.742187500000
35266.031250000000
36627.777343750000
16973.515625000000
29277.818359375000
9647.741210937500
17053.656250000000
13107.329101562500
36203.414062500000
62723.882812500000
20011.822265625000
39286.566406250000
34202.246093750000
36353.062500000000
14096.599609375000
17747.503906250000
28054.652343750000
20224.710937500000
24035.873046875000
24089.160156250000
20561.138671875000
41855.507812500000
13672.239257812500
23480.496093750000
31131.386718750000
54605.757812500000
23366.310546875000
15156.624023437500
35147.703125000000
18774.134765625000
36991.914062500000
59917.640625000000
34893.480468750000
19593.718750000000
17764.388671875000
28101.921875000000
22302.044921875000
16048.714843750000
20518.986328125000
45602.378906250000
18618.181640625000
42546.339843750000
31923.076171875000
27014.134765625000
58294.417968750000
33541.488281250000
25994.906250000000
15751.483398437500
16890.652343750000
18163.541015625000
21408.130859375000
28142.984375000000
21023.316406250000
35100.171875000000
56222.734375000000
40460.980468750000
20669.880859375000
16534.523437500000
14805.787109375000
19729.251953125000
28969.644531250000
76665.765625000000
24297.382812500000
38566.769531250000
41226.468750000000
22624.605468750000
22018.113281250000
16753.017578125000
16717.751953125000
28239.718750000000
23823.958984375000
28362.388671875000
18895.990234375000
32155.693359375000
26027.218750000000
54689.085937500000
29465.433593750000
24940.035156250000
19636.970703125000
13340.398437500000
47175.171875000000
35055.609375000000
73908.343750000000
22781.490234375000
22376.792968750000
28002.410156250000
43007.761718750000
16581.570312500000
32261.619140625000
32951.820312500000
46145.085937500000
27141.701171875000
38765.910156250000
23322.212890625000
14119.990234375000
29271.611328125000
18052.183593750000
14843.823242187500
21433.802734375000
25365.080078125000
19226.644531250000
40268.332031250000
19648.214843750000
27495.439453125000
39656.988281250000
15264.958007812500
16114.008789062500
28143.960937500000
23075.744140625000
27058.533203125000
31428.867187500000
37814.558593750000
31931.941406250000
37689.667968750000
38669.402343750000
18448.892578125000
27716.041015625000
18519.035156250000
19837.505859375000
17208.394531250000
23880.855468750000
25565.755859375000
18452.431640625000
22511.453125000000
40124.066406250000
37252.468750000000
16853.880859375000
27286.869140625000
20038.400390625000
33772.750000000000
15368.479492187500
39934.824218750000
16083.018554687500
26930.031250000000
21619.953125000000
32888.816406250000
26677.291015625000
22722.812500000000
17316.833984375000
13698.933593750000
12809.866210937500
41367.218750000000
11173.133789062500
35992.703125000000
24821.410156250000
19299.017578125000
18744.369140625000
31940.753906250000
14880.178710937500
26928.669921875000
36195.527343750000
15560.583984375000
26762.021484375000
14635.296875000000
27886.794921875000
24286.869140625000
20187.113281250000
12883.501953125000
41162.675781250000
20011.626953125000
19423.113281250000
28621.507812500000
17776.775390625000
69627.898437500000
29511.785156250000
16557.197265625000
18680.708984375000
24274.814453125000
18957.880859375000
38067.277343750000
18558.824218750000
32450.882812500000
19270.810546875000
15722.997070312500
54498.062500000000
24844.375000000000
16955.318359375000
19181.050781250000
17445.375000000000
46587.789062500000
14862.072265625000
19451.728515625000
29677.525390625000
23004.978515625000
22439.375000000000
24968.802734375000
18735.406250000000
44702.171875000000
22348.390625000000
32147.904296875000
13140.131835937500
37829.433593750000
15830.388671875000
30597.898437500000
18867.906250000000
23461.574218750000
26619.914062500000
31760.439453125000
17745.246093750000
33247.265625000000
14067.671875000000
17121.552734375000
34917.605468750000
20720.845703125000
18553.058593750000
55875.203125000000
12053.032226562500
54072.140625000000
52503.382812500000
18437.269531250000
27203.613281250000
17714.326171875000
34006.500000000000
14490.486328125000
57407.378906250000
21415.125000000000
16945.335937500000
16979.167968750000
48732.855468750000
21668.748046875000
45740.605468750000
13626.294921875000
15312.825195312500
17078.068359375000
37027.734375000000
14330.157226562500
20627.007812500000
29796.417968750000
23303.691406250000
53594.949218750000
44131.000000000000
15070.868164062500
20954.589843750000
19225.636718750000
32086.433593750000
30601.697265625000
34579.144531250000
22292.412109375000
35274.234375000000
30604.687500000000
23823.796875000000
17763.597656250000
18108.898437500000
46133.773437500000
26066.550781250000
19008.488281250000
20144.009765625000
16876.800781250000
33131.792968750000
25561.644531250000
33373.429687500000
27207.234375000000
22290.044921875000
32846.097656250000
25763.294921875000
23951.349609375000
14163.464843750000
17509.054687500000
62883.425781250000
19846.517578125000
25644.183593750000
38494.562500000000
44242.726562500000
16745.666015625000
19170.755859375000
18764.773437500000
15841.553710937500
32789.554687500000
14044.063476562500
32368.685546875000
16987.388671875000
21241.054687500000
17222.419921875000
50835.613281250000
17821.275390625000
38299.402343750000
30332.783203125000
13738.344726562500
14203.194335937500
31853.462890625000
21681.820312500000
26064.878906250000
16686.880859375000
14291.788085937500
15278.281250000000
43285.507812500000
16771.302734375000
26829.068359375000
46289.210937500000
21791.425781250000
20389.316406250000
74023.828125000000
16551.039062500000
37784.574218750000
25446.208984375000
18292.707031250000
15866.125976562500
72066.953125000000
15976.778320312500
24307.169921875000
18061.896484375000
17749.767578125000
27323.978515625000
33597.050781250000
20806.849609375000
21886.601562500000
40034.882812500000
16191.633789062500
46860.316406250000
20428.253906250000
15735.489257812500
32287.816406250000
14118.876953125000
24410.664062500000
27427.156250000000
20259.890625000000
30742.080078125000
22408.519531250000
58905.179687500000
26384.060546875000
42185.066406250000
15612.510742187500
25910.425781250000
23753.570312500000
43577.984375000000
19088.300781250000
20038.630859375000
23721.314453125000
12766.855468750000
29994.363281250000
24108.876953125000
16225.653320312500
15298.786132812500
53794.050781250000
15530.005859375000
51906.265625000000
18007.972656250000
15912.990234375000
40609.031250000000
27336.271484375000
38529.593750000000
20294.328125000000
18319.912109375000
32265.714843750000
36147.644531250000
62872.988281250000
18802.171875000000
44576.035156250000
22655.363281250000
19078.646484375000
21087.753906250000
15405.153320312500
15167.631835937500
23671.126953125000
16323.148437500000
24793.515625000000
27550.941406250000
22003.578125000000
34938.906250000000
21976.494140625000
75122.257812500000
27142.808593750000
21694.320312500000
26476.123046875000
29837.388671875000
15789.947265625000
17642.410156250000
14996.867187500000
53603.480468750000
34988.488281250000
20319.152343750000
41981.515625000000
20083.628906250000
12684.920898437500
40442.972656250000
38265.320312500000
23750.441406250000
30474.638671875000
43045.613281250000
19187.750000000000
25259.414062500000
49369.113281250000
51526.808593750000
20129.585937500000
18324.775390625000
18022.802734375000
30831.843750000000
22243.878906250000
31467.226562500000
31546.941406250000
16739.548828125000
31332.664062500000
18792.255859375000
17323.312500000000
18919.669921875000
17979.628906250000
28518.078125000000
38433.035156250000
54393.085937500000
24767.001953125000
49268.250000000000
16094.988281250000
18102.259765625000
12904.923828125000
16993.669921875000
20520.451171875000
17684.986328125000
32338.136718750000
25772.068359375000
18298.896484375000
15690.629882812500
30915.654296875000
16730.175781250000
21090.876953125000
15371.396484375000
22480.724609375000
17570.015625000000
31280.949218750000
25712.121093750000
46701.828125000000
27923.679687500000
16926.412109375000
20792.009765625000
16256.989257812500
16246.773437500000
35276.191406250000
25239.246093750000
22907.857421875000
15183.587890625000
20392.287109375000
19969.607421875000
24324.033203125000
15937.979492187500
12801.692382812500
19052.867187500000
24247.414062500000
19431.250000000000
24285.453125000000
19281.548828125000
12812.649414062500
35746.632812500000
23203.189453125000
45273.984375000000
31764.843750000000
30406.863281250000
24448.789062500000
16778.230468750000
52330.683593750000
20322.789062500000
39406.199218750000
11076.831054687500
51962.984375000000
19957.054687500000
17930.654296875000
16580.251953125000
16832.513671875000
15669.507812500000
22240.691406250000
41626.250000000000
14674.001953125000
35803.238281250000
19298.871093750000
18228.298828125000
22357.853515625000
28865.601562500000
14571.885742187500
23503.132812500000
57073.585937500000
20535.472656250000
28659.177734375000
28005.761718750000
18963.013671875000
14483.414062500000
28680.384765625000
22821.970703125000
22187.728515625000
13315.676757812500
26332.046875000000
15431.818359375000
45380.437500000000
16506.328125000000
30258.167968750000
25806.222656250000
16974.359375000000
45249.371093750000
17061.238281250000
37658.253906250000
26938.363281250000
36071.910156250000
24788.570312500000
36035.511718750000
45240.500000000000
23192.957031250000
39813.875000000000
16335.864257812500
21710.394531250000
23890.910156250000
18028.257812500000
21292.199218750000
50461.660156250000
41694.570312500000
25262.925781250000
20831.394531250000
16020.847656250000
29618.230468750000
26496.187500000000
51047.343750000000
12510.459960937500
20950.498046875000
16396.453125000000
18355.271484375000
64913.332031250000
24496.171875000000
23221.726562500000
20375.328125000000
31275.322265625000
18842.449218750000
19966.929687500000
22521.707031250000
15839.484375000000
30176.703125000000
19653.884765625000
33694.679687500000
24184.369140625000
16099.984375000000
20087.927734375000
19897.343750000000
23727.345703125000
18261.810546875000
22175.910156250000
15241.864257812500
22861.271484375000
22518.734375000000
20142.505859375000
21800.318359375000
46220.941406250000
18611.025390625000
32829.445312500000
24252.519531250000
21070.287109375000
13676.498046875000
34448.347656250000
23490.890625000000
20616.847656250000
24814.205078125000
22454.628906250000
42212.984375000000
37347.496093750000
19771.265625000000
16131.863281250000
51922.863281250000
27725.123046875000
15875.325195312500
15781.755859375000
31060.554687500000
47569.710937500000
78395.742187500000
35037.332031250000
38459.820312500000
16424.080078125000
22969.416015625000
32298.632812500000
24819.533203125000
14316.666992187500
21162.812500000000
43896.761718750000
14882.271484375000
16870.947265625000
29712.964843750000
45932.457031250000
17298.744140625000
16937.980468750000
31867.744140625000
29574.767578125000
16958.669921875000
14105.520507812500
18213.740234375000
20349.845703125000
40242.730468750000
39109.562500000000
22277.976562500000
18212.697265625000
19118.447265625000
19320.740234375000
19208.886718750000
14582.291992187500
14409.220703125000
28522.796875000000
22507.835937500000
11839.139648437500
20053.322265625000
13187.714843750000
18775.980468750000
51961.746093750000
17781.488281250000
17448.527343750000
17014.746093750000
16255.879882812500
17599.869140625000
26068.355468750000
22455.968750000000
20054.314453125000
28449.156250000000
13169.069335937500
25762.365234375000
18168.232421875000
24192.160156250000
18050.853515625000
44212.042968750000
20313.185546875000
17722.927734375000
42837.109375000000
30569.794921875000
19653.507812500000
30563.751953125000
23738.302734375000
34670.929687500000
31074.078125000000
19240.425781250000
24527.117187500000
49536.992187500000
16477.650390625000
19146.529296875000
15235.674804687500
61507.421875000000
22453.943359375000
25287.947265625000
19405.636718750000
53783.335937500000
18160.980468750000
25907.349609375000
37978.691406250000
60959.632812500000
16844.636718750000
23513.822265625000
26535.382812500000
25794.416015625000
30252.255859375000
21331.820312500000
29181.710937500000
33153.800781250000
23016.035156250000
45067.070312500000
30258.833984375000
20967.974609375000
29541.818359375000
20467.460937500000
45931.714843750000
18358.478515625000
17988.177734375000
34122.191406250000
16013.166015625000
23769.822265625000
27929.945312500000
18509.615234375000
36599.792968750000
15559.185546875000
32375.246093750000
42071.699218750000
20100.621093750000
41790.527343750000
24460.890625000000
21497.839843750000
53755.222656250000
18285.683593750000
48052.738281250000
55109.777343750000
22911.960937500000
35730.433593750000
16812.023437500000
20442.294921875000
14829.660156250000
22362.238281250000
31200.386718750000
38601.863281250000
18831.794921875000
16375.438476562500
39594.625000000000
18216.775390625000
18703.695312500000
28191.480468750000
17580.048828125000
44510.621093750000
17091.697265625000
23918.714843750000
14029.125976562500
34221.964843750000
21928.605468750000
24361.617187500000
27171.873046875000
41432.421875000000
16996.492187500000
39172.121093750000
18584.218750000000
17666.822265625000
16586.623046875000
26447.398437500000
24710.132812500000
24699.949218750000
13540.364257812500
30188.273437500000
29482.873046875000
61368.050781250000
25072.357421875000
16392.292968750000
16676.359375000000
11916.245117187500
27639.501953125000
26305.601562500000
28192.384765625000
55641.781250000000
17618.287109375000
37882.066406250000
19494.007812500000
19170.683593750000
34882.253906250000
13968.508789062500
22114.927734375000
