3571.833496093750
3789.381835937500
3522.349609375000
4533.782226562500
5330.159179687500
4437.791503906250
2830.692626953125
3281.229492187500
3793.567382812500
4094.986083984375
6519.993164062500
4369.202636718750
4337.596679687500
2795.806640625000
3957.613525390625
4909.156738281250
4172.426269531250
4515.498046875000
3205.493652343750
3957.758789062500
4024.192871093750
4036.916503906250
2805.955322265625
3161.467529296875
3175.143798828125
5866.519531250000
3399.852294921875
3459.260009765625
3745.252929687500
6100.118652343750
4683.702636718750
4611.135742187500
4046.311767578125
5271.484375000000
4899.889160156250
4468.976074218750
3882.832519531250
3375.246826171875
3832.860351562500
2043.317260742188
4283.883789062500
5106.818359375000
3926.435058593750
4982.350097656250
3920.305664062500
3603.120361328125
4996.494140625000
4642.625000000000
4461.038574218750
4058.254882812500
3835.543457031250
4674.995117187500
3730.428955078125
3121.349853515625
3685.586425781250
4382.615234375000
5020.555664062500
6899.392578125000
5162.827636718750
4742.260253906250
5140.960937500000
4352.450195312500
2934.421630859375
4696.818847656250
3095.284912109375
2120.331054687500
5668.625000000000
4912.708496093750
4845.479980468750
3388.738037109375
3963.338623046875
3860.918457031250
6043.114746093750
3301.370361328125
3806.061279296875
4279.013183593750
3829.026123046875
3970.265380859375
3680.716064453125
4575.031738281250
5648.568359375000
3465.197509765625
4580.680664062500
4452.875488281250
6896.904785156250
3464.142822265625
3725.848144531250
2852.071777343750
4553.024902343750
3997.013427734375
4202.071289062500
5099.705078125000
4150.937011718750
4375.637695312500
5620.752929687500
4980.555664062500
4629.992675781250
3942.383056640625
4871.926269531250
3791.595458984375
3847.657226562500
4410.875000000000
3701.714843750000
3763.148193359375
3099.662109375000
4620.073242187500
4138.208984375000
7288.071777343750
2886.594970703125
3965.017822265625
5989.870117187500
3990.113037109375
4647.827636718750
3584.437744140625
3832.843261718750
4580.392089843750
3870.802734375000
4185.062011718750
4957.056152343750
4701.264648437500
3771.164062500000
5730.250488281250
3986.827392578125
3414.390136718750
4331.433593750000
4279.902343750000
4385.765625000000
2813.650878906250
4801.305175781250
3257.646972656250
3151.887207031250
4366.833984375000
3365.368896484375
3246.010498046875
1473.098510742188
3465.615966796875
4097.458984375000
4761.774902343750
4355.966796875000
6147.333984375000
3800.269531250000
4005.380371093750
4559.147460937500
3523.646728515625
5473.662597656250
3420.292968750000
6164.825683593750
3234.208984375000
2665.903320312500
5021.188476562500
4397.524902343750
4051.403320312500
4148.794921875000
5179.806152343750
3983.445312500000
4629.233398437500
4151.085449218750
3846.644287109375
4500.278808593750
3928.440429687500
5573.321777343750
5097.517578125000
5943.157226562500
4349.640625000000
2152.992187500000
4260.496582031250
4352.070312500000
4467.072753906250
2764.249267578125
3037.522460937500
6757.951171875000
4424.917968750000
4111.849609375000
3950.955566406250
5106.334960937500
4689.781250000000
4785.602050781250
3478.979736328125
4181.239746093750
2343.802246093750
3906.352783203125
2097.459228515625
3410.525146484375
2700.437011718750
3749.164306640625
4040.378662109375
4270.091796875000
5131.176757812500
4245.191406250000
4260.166992187500
3688.748535156250
4410.120117187500
5249.369628906250
3566.218750000000
4280.556640625000
3604.378417968750
4163.227050781250
3445.711914062500
5162.335937500000
4499.014648437500
4593.439941406250
4368.944335937500
3286.069824218750
3255.916259765625
4513.892089843750
3845.969970703125
7676.451171875000
4643.210937500000
3863.090332031250
4601.513671875000
5444.992675781250
3570.146484375000
2402.730957031250
4374.138671875000
3633.329589843750
3455.369873046875
5616.063964843750
3913.635986328125
4217.718261718750
4313.326171875000
4182.702148437500
3945.929443359375
4534.433593750000
4173.676757812500
2819.562988281250
3493.816162109375
4086.432128906250
5384.837402343750
2488.288085937500
3550.132080078125
2454.935302734375
4009.980468750000
3887.597412109375
4209.572753906250
4563.707519531250
6062.110351562500
4782.429199218750
3311.243164062500
4021.949951171875
4907.326171875000
4036.050781250000
2661.528320312500
3318.848632812500
3176.381347656250
3088.520996093750
3952.250732421875
1689.312133789062
4171.221679687500
4396.997558593750
5187.061523437500
3565.734130859375
2512.984619140625
4595.167968750000
5013.048339843750
4548.118652343750
4893.332519531250
6267.914550781250
3372.853027343750
3827.861572265625
2472.312011718750
5710.252441406250
2888.307617187500
2141.491210937500
3501.501708984375
4040.135253906250
2994.744873046875
3906.775390625000
4282.324218750000
3905.207519531250
4627.592285156250
7547.266113281250
4108.670410156250
6471.091308593750
4532.885742187500
3267.708251953125
4790.712402343750
4557.388183593750
3283.024902343750
5740.658203125000
5508.510253906250
5406.186035156250
3399.350341796875
6113.689941406250
3558.439697265625
4243.981445312500
4540.836914062500
4145.096679687500
4110.589843750000
2030.320556640625
3842.477050781250
2955.110595703125
4111.314941406250
3368.846679687500
4408.217285156250
2676.915039062500
2402.226562500000
4836.847656250000
3588.326660156250
6042.503417968750
5951.298339843750
3066.513671875000
4471.026855468750
5606.668945312500
4849.411621093750
3191.726562500000
3457.892333984375
4766.553222656250
3976.830566406250
3958.496093750000
2664.318115234375
6462.275878906250
4767.840332031250
3290.131835937500
4375.562011718750
4576.522460937500
2589.937744140625
3370.397949218750
4107.249023437500
3528.473388671875
3669.359375000000
2842.482910156250
3996.057861328125
5514.161132812500
3359.604248046875
3472.673583984375
3899.405761718750
5001.958007812500
3348.497558593750
4740.712890625000
3777.983886718750
4617.979003906250
3637.232177734375
4239.136718750000
4325.599609375000
3258.909667968750
4097.831054687500
4640.324707031250
4423.898437500000
3551.097167968750
4099.038574218750
4114.896484375000
4566.566894531250
4761.322753906250
4016.386474609375
5262.473632812500
4176.955078125000
4263.541992187500
2961.327392578125
3155.948730468750
5607.282226562500
3405.076660156250
3984.737548828125
3657.316650390625
4383.006835937500
4252.946289062500
4364.956542968750
4050.976562500000
3529.047851562500
3675.277099609375
4423.174804687500
5497.718261718750
4546.115722656250
3473.302246093750
5415.948242187500
4036.633056640625
3828.797851562500
5264.081542968750
5927.470703125000
3432.966796875000
3498.717529296875
3036.020751953125
4340.067871093750
3936.943115234375
5846.058593750000
4858.027832031250
4881.197753906250
4169.249023437500
4555.230468750000
3894.730224609375
4261.449218750000
4011.724853515625
4055.744384765625
3546.732177734375
4124.067382812500
4264.243164062500
4804.713867187500
3328.026855468750
3346.217285156250
4677.035156250000
4514.095214843750
6046.990234375000
3239.755859375000
5568.099121093750
7028.541015625000
4982.873535156250
3955.562500000000
2156.777587890625
3797.387451171875
1897.632812500000
5753.641601562500
5091.471191406250
2942.262207031250
2495.852050781250
4190.800292968750
3782.358398437500
3582.523437500000
4622.331542968750
4696.833984375000
4957.623046875000
2680.813232421875
3137.419677734375
3975.706787109375
5082.365722656250
4795.856445312500
4020.559082031250
2544.071533203125
3256.310791015625
4167.911132812500
4386.808593750000
3033.853515625000
5376.984863281250
3802.998046875000
3306.470947265625
4611.106445312500
2998.886718750000
3058.810058593750
4305.357421875000
5888.751464843750
4907.388183593750
3627.871826171875
3092.490478515625
3133.509277343750
5547.871093750000
3493.656494140625
4571.457031250000
5465.048339843750
4461.679199218750
3612.502929687500
3968.096435546875
2805.122070312500
3661.053710937500
4194.958984375000
5202.247558593750
4079.451660156250
4267.523437500000
3586.362304687500
4255.953613281250
3907.197753906250
5616.803710937500
4317.092773437500
3890.565917968750
4214.360351562500
3295.176269531250
4124.256835937500
2975.437255859375
5111.313476562500
4383.878417968750
3798.270507812500
3765.973876953125
4673.536132812500
4127.254882812500
4904.188476562500
4022.958251953125
2934.438232421875
3795.019531250000
4004.168457031250
3590.956054687500
5029.196289062500
5335.433593750000
4037.002685546875
4659.492675781250
4292.160644531250
3937.904052734375
4841.245117187500
3199.250976562500
1996.372558593750
4183.650390625000
3582.205078125000
3660.490722656250
4368.492675781250
3469.451416015625
4380.174804687500
4480.608886718750
5576.109375000000
4443.649414062500
3905.290527343750
2911.741210937500
4692.375976562500
4618.016601562500
3811.307373046875
4178.227050781250
6301.264160156250
3217.029296875000
3724.842529296875
3565.349121093750
4182.761718750000
4590.962402343750
4141.516601562500
5086.821289062500
5719.402832031250
4959.197265625000
3829.843261718750
4006.585205078125
4684.161621093750
4976.229492187500
2677.117675781250
3354.147216796875
3922.349853515625
4921.688476562500
4544.627929687500
5380.773437500000
3804.938720703125
3885.539794921875
4572.165039062500
4626.910644531250
4000.145019531250
2926.862792968750
4877.031250000000
4466.579101562500
4205.445800781250
4322.047363281250
5182.992675781250
5419.578613281250
4080.355957031250
4516.227050781250
4869.757324218750
4246.173828125000
4500.584472656250
3989.070312500000
4249.073242187500
3352.086669921875
2878.730712890625
4524.991210937500
3744.787841796875
6294.732910156250
6190.986816406250
4068.669189453125
3168.022460937500
4180.654296875000
3999.591796875000
5308.076171875000
4083.296386718750
3531.856201171875
3723.395751953125
4157.218750000000
4903.435546875000
4301.832519531250
3192.894531250000
3405.859375000000
5350.878906250000
3859.983642578125
4329.046875000000
3387.535644531250
2885.207519531250
4400.832519531250
4412.757812500000
5311.644042968750
4445.898437500000
5343.261230468750
3588.145263671875
3539.845214843750
4623.465332031250
5528.075195312500
4341.018554687500
5396.014160156250
3316.871582031250
3199.905273437500
3857.589355468750
3862.504638671875
5752.067382812500
2732.275390625000
4150.873046875000
3589.960449218750
3894.131347656250
4162.674316406250
5483.479492187500
3993.660400390625
3678.863525390625
4544.502441406250
4657.859863281250
3289.949951171875
3880.416259765625
4773.989257812500
4035.504394531250
4186.982910156250
4124.472167968750
2680.242431640625
2854.109130859375
3652.682861328125
4693.566894531250
3633.926025390625
7267.987304687500
3841.917968750000
3147.027832031250
6322.811523437500
5305.949707031250
3475.811035156250
5403.588867187500
4614.160156250000
3841.298828125000
4249.221191406250
6237.841796875000
4659.908203125000
3996.238769531250
4024.266113281250
4172.165527343750
4637.358398437500
5044.887207031250
4268.047851562500
6557.760253906250
3465.332275390625
3442.066650390625
2914.459960937500
4450.523925781250
3446.386962890625
3218.997802734375
3564.360351562500
4617.883300781250
2234.195800781250
3967.230468750000
4605.094238281250
4061.883789062500
4151.948730468750
2301.033447265625
3119.895507812500
3673.833740234375
4521.243652343750
4036.139160156250
4124.971679687500
5285.951660156250
4583.049804687500
4909.813476562500
4309.693359375000
4267.432617187500
5125.012207031250
5418.186035156250
5148.012207031250
3990.647705078125
5030.351074218750
5457.550292968750
3469.268066406250
2753.637695312500
4010.343994140625
2527.793457031250
4665.378417968750
3296.606933593750
3104.685302734375
4130.833984375000
6278.737304687500
3429.942138671875
4605.066894531250
3542.458496093750
4039.628906250000
5974.282714843750
3425.572753906250
4791.707031250000
4054.890869140625
5504.274414062500
3464.722656250000
4092.156494140625
3661.339843750000
5364.862304687500
3238.222167968750
4578.873046875000
5053.413085937500
4496.751953125000
3438.014648437500
3051.719726562500
4183.369140625000
5003.802246093750
4586.921386718750
2967.741210937500
4498.561035156250
4189.978515625000
4038.463378906250
3774.486816406250
3387.935546875000
5246.932617187500
3412.967041015625
4676.702148437500
3201.201904296875
4500.241699218750
3123.378906250000
3971.177978515625
4234.705566406250
3744.759033203125
4875.834472656250
4408.846191406250
5003.114257812500
4253.619140625000
4511.906250000000
3878.603515625000
4320.807128906250
3778.861816406250
3163.840332031250
5120.161132812500
4264.536132812500
4442.411132812500
4433.562011718750
6619.264648437500
4567.727539062500
2622.557128906250
4918.446777343750
6306.620117187500
3284.029052734375
4121.449218750000
5374.148437500000
3149.499267578125
4068.603759765625
4238.033203125000
4910.958007812500
4742.603027343750
3162.384765625000
3764.890869140625
2227.797851562500
4744.588378906250
3383.360839843750
4848.506347656250
3726.742675781250
5144.875976562500
3278.861572265625
5389.157226562500
5944.373046875000
5808.740722656250
4382.433105468750
4019.862792968750
3844.631347656250
4791.831542968750
3707.468261718750
4152.658203125000
4653.980957031250
4540.982421875000
4546.062988281250
5633.011718750000
5940.207031250000
5734.860839843750
3182.429443359375
4994.251464843750
5332.296875000000
4051.292236328125
4235.298339843750
4838.187988281250
5346.962402343750
3732.161621093750
4570.460449218750
6052.337402343750
4330.563476562500
3066.957763671875
5798.417968750000
3527.163574218750
3741.177246093750
4571.307128906250
4125.666992187500
3379.967773437500
4288.040039062500
1721.096313476562
4402.617675781250
3147.084716796875
4836.222167968750
5311.505859375000
4484.579101562500
2468.959228515625
3645.846435546875
3247.154541015625
4261.504882812500
4171.941894531250
4841.582519531250
3054.250244140625
3320.266845703125
3604.312500000000
4191.675781250000
5697.580566406250
4984.123535156250
4959.689453125000
3863.778564453125
6307.260253906250
5000.645507812500
4440.810058593750
4288.194824218750
4234.470703125000
3116.409912109375
4659.865722656250
4614.011230468750
7003.185058593750
5157.685546875000
6937.097656250000
5488.285156250000
4614.774414062500
3620.291015625000
3961.229492187500
6651.297851562500
4434.731445312500
3075.589355468750
5047.102539062500
1313.778076171875
3652.212890625000
5693.231933593750
3559.911865234375
4421.614257812500
4333.740722656250
4689.924316406250
4370.080078125000
4654.680664062500
2930.628662109375
3800.015380859375
3496.937500000000
4975.022949218750
3700.773925781250
3595.690185546875
4070.781494140625
2060.345214843750
5079.566894531250
3667.255859375000
3877.644042968750
4563.801757812500
4218.734863281250
3441.511230468750
4446.839355468750
2970.711914062500
4963.094726562500
3024.501464843750
3874.138916015625
4538.648437500000
3270.939453125000
3969.337402343750
5048.523925781250
3453.829833984375
5391.075195312500
4331.870605468750
3514.782958984375
4332.816406250000
5211.937500000000
3047.847167968750
4896.797851562500
4712.420898437500
5184.632324218750
7972.591308593750
3864.936767578125
3419.155029296875
5590.150878906250
3029.233886718750
4595.648925781250
4943.039550781250
4914.878417968750
3094.325683593750
6358.362792968750
3672.157714843750
6726.253906250000
5086.853515625000
5432.157226562500
4677.059570312500
6011.691894531250
2765.723632812500
5327.811523437500
3768.121337890625
4525.552734375000
4299.505859375000
4481.261718750000
5290.028808593750
5092.897460937500
2598.599609375000
3868.294189453125
3435.998779296875
4119.585937500000
5521.210937500000
4519.898437500000
3268.262695312500
3281.492187500000
4867.245605468750
2994.557617187500
3406.279052734375
4053.102783203125
4708.026367187500
3699.989013671875
4172.338378906250
3989.420654296875
4138.921875000000
4260.250000000000
4698.869628906250
4320.539062500000
3756.406005859375
3512.931396484375
4893.645996093750
3698.514404296875
4069.557617187500
5066.200683593750
2628.882080078125
6306.533691406250
5097.675781250000
5072.887695312500
5123.735839843750
3712.393066406250
3230.835693359375
4496.527343750000
2883.880126953125
4391.719726562500
3539.413818359375
3301.352539062500
2929.355224609375
3570.470703125000
3294.195800781250
4031.031738281250
3474.266357421875
6401.421875000000
4841.710449218750
3810.153320312500
3464.896972656250
2811.261474609375
2833.608642578125
4315.295410156250
4274.241699218750
3063.492919921875
4739.276855468750
3612.962402343750
4731.089355468750
5510.555175781250
3282.784423828125
3633.893066406250
2374.049072265625
5302.906738281250
4223.379882812500
5310.119628906250
4009.105468750000
4520.056640625000
2660.097900390625
3466.640869140625
4990.883300781250
4863.278808593750
3287.968017578125
4009.323242187500
5145.695312500000
3719.606689453125
4314.403320312500
5201.970214843750
4422.785156250000
4367.165039062500
4600.339355468750
4111.654785156250
3495.686035156250
4007.992187500000
3494.624267578125
4907.926757812500
5126.815429687500
3604.626220703125
4135.843261718750
2827.965576171875
4097.902832031250
5338.568359375000
4526.090332031250
6332.523437500000
2523.116210937500
4196.618164062500
4517.943847656250
4670.002929687500
4760.162109375000
4824.858398437500
5030.148925781250
5616.817382812500
3948.436767578125
3748.691406250000
6598.221679687500
4193.818359375000
3621.233886718750
3667.197509765625
2997.330078125000
5172.068847656250
2900.941406250000
5136.300781250000
3334.963378906250
4923.268066406250
4849.708496093750
2800.789550781250
3774.353515625000
5348.977539062500
2865.992919921875
2755.657470703125
4043.567382812500
4487.265136718750
4101.685058593750
5060.952148437500
4408.930664062500
4346.992187500000
4604.579101562500
6008.938964843750
4825.509277343750
4166.314453125000
3820.873046875000
3365.985107421875
3460.883056640625
2801.060791015625
3906.760009765625
5428.437011718750
2938.943359375000
4535.173828125000
3275.845947265625
4216.485839843750
5607.470703125000
3391.185791015625
4572.648437500000
2935.146972656250
5433.850097656250
4373.782226562500
3492.456298828125
3724.997558593750
3189.283203125000
4137.780761718750
3841.692871093750
5186.214355468750
4585.238769531250
4531.292480468750
4452.635742187500
2678.816406250000
3583.378173828125
3980.049804687500
2578.161132812500
4588.652343750000
4797.955566406250
5022.513183593750
3714.278320312500
4283.171875000000
4230.729492187500
2842.100341796875
3653.159667968750
3724.389404296875
